"day","laboratory","tested_all","tested_mobile","negative_all","negative_mobile","positive_all","positive_mobile","positive_retested","positive_new","not_tested","not_tested_mobile"
2020-04-01,"Klaipėdos universitetinės ligoninės laboratorija",236,159,213,157,23,2,0,23,NA,NA
2020-04-01,"LSMU ligoninės Kauno klinikų laboratorija",841,491,825,479,16,12,0,16,0,0
2020-04-01,"Nacionalinė visuomenės sveikatos priežiūros laboratorija",250,101,237,92,13,9,0,13,1153,992
2020-04-01,"Nacionalinio maisto ir veterinarijos rizikos vertinimo instituto laboratorija",379,0,371,0,8,0,0,8,200,0
2020-04-01,"Respublikinės Šiaulių ligoninės laboratorija",194,134,191,132,3,2,0,3,338,244
2020-04-01,"UAB „Medicina practica laboratorija“",190,0,190,0,0,0,0,0,524,0
2020-04-01,"UAB „SK Impeks Medicinos diagnostikos centras“",42,42,40,40,2,2,0,2,58,57
2020-04-01,"VU ligoninės Santaros klinikų laboratorija",312,146,302,144,10,2,7,3,74,0
2020-04-02,"Klaipėdos universitetinės ligoninės laboratorija",222,63,218,61,4,2,0,4,158,0
2020-04-02,"LSMU ligoninės Kauno klinikų laboratorija",825,321,814,311,11,10,0,11,0,0
2020-04-02,"Nacionalinė visuomenės sveikatos priežiūros laboratorija",294,138,285,138,9,0,0,9,1113,1038
2020-04-02,"Nacionalinio maisto ir veterinarijos rizikos vertinimo instituto laboratorija",558,372,548,364,10,8,0,10,400,0
2020-04-02,"Respublikinės Šiaulių ligoninės laboratorija",289,221,282,216,7,5,0,7,963,884
2020-04-02,"UAB „Diagnostikos laboratorija“ („Antėja“)",47,0,47,0,0,0,0,0,1,0
2020-04-02,"UAB „Medicina practica laboratorija“",82,0,82,0,0,0,0,0,624,0
2020-04-02,"UAB „SK Impeks Medicinos diagnostikos centras“",55,55,53,53,2,2,0,2,3,2
2020-04-02,"VU ligoninės Santaros klinikų laboratorija",437,151,430,148,7,3,3,4,26,8
2020-04-03,"Klaipėdos universitetinės ligoninės laboratorija",276,54,249,48,27,6,0,27,150,42
2020-04-03,"LSMU ligoninės Kauno klinikų laboratorija",853,369,845,364,8,5,0,8,350,0
2020-04-03,"Nacionalinė visuomenės sveikatos priežiūros laboratorija",301,104,286,93,15,11,0,15,241,0
2020-04-03,"Nacionalinio maisto ir veterinarijos rizikos vertinimo instituto laboratorija",548,0,541,0,7,0,0,7,60,0
2020-04-03,"Nacionalinio vėžio instituto laboratorija",83,0,83,0,0,0,0,0,189,0
2020-04-03,"Respublikinės Šiaulių ligoninės laboratorija",291,179,277,177,14,2,4,10,605,555
2020-04-03,"UAB „Baltic Medics“",14,13,13,13,1,0,1,0,0,0
2020-04-03,"UAB „Diagnostikos laboratorija“ („Antėja“)",55,40,53,38,2,2,0,2,50,0
2020-04-03,"UAB „Medicina practica laboratorija“",204,0,203,0,1,0,0,1,420,0
2020-04-03,"VU ligoninės Santaros klinikų laboratorija",319,21,309,20,10,1,5,5,7,0
2020-04-04,"Klaipėdos universitetinės ligoninės laboratorija",NA,NA,NA,NA,NA,NA,NA,NA,NA,NA
2020-04-04,"LSMU ligoninės Kauno klinikų laboratorija",869,553,862,550,7,3,3,4,66,0
2020-04-04,"Nacionalinė visuomenės sveikatos priežiūros laboratorija",252,28,244,25,8,3,0,8,177,0
2020-04-04,"Nacionalinio maisto ir veterinarijos rizikos vertinimo instituto laboratorija",414,169,402,163,12,6,3,9,0,0
2020-04-04,"Nacionalinio vėžio instituto laboratorija",193,0,185,0,8,0,0,8,0,0
2020-04-04,"Respublikinės Šiaulių ligoninės laboratorija",231,171,226,169,5,2,2,3,77,28
2020-04-04,"UAB „Diagnostikos laboratorija“ („Antėja“)",41,39,40,38,1,1,0,1,0,0
2020-04-04,"UAB „Medicina practica laboratorija“",158,0,158,0,0,0,0,0,481,0
2020-04-04,"VU ligoninės Santaros klinikų laboratorija",111,59,100,58,11,1,4,7,97,76
2020-04-05,"Klaipėdos universitetinės ligoninės laboratorija",80,0,77,0,3,0,0,3,92,0
2020-04-05,"LSMU ligoninės Kauno klinikų laboratorija",349,135,337,129,12,6,1,11,0,0
2020-04-05,"Nacionalinė visuomenės sveikatos priežiūros laboratorija",200,4,194,2,6,2,0,6,263,51
2020-04-05,"Nacionalinio maisto ir veterinarijos rizikos vertinimo instituto laboratorija",261,0,258,0,3,0,0,3,0,0
2020-04-05,"Nacionalinio vėžio instituto laboratorija",219,0,218,0,1,0,0,1,0,0
2020-04-05,"Respublikinės Šiaulių ligoninės laboratorija",155,46,153,45,2,1,0,2,31,0
2020-04-05,"UAB „Diagnostikos laboratorija“ („Antėja“)",55,54,54,53,1,1,0,1,49,49
2020-04-05,"UAB „Medicina practica laboratorija“",401,0,400,0,1,0,0,1,0,0
2020-04-05,"VU ligoninės Santaros klinikų laboratorija",234,157,224,156,10,1,6,4,16,0
2020-04-06,"Klaipėdos universitetinės ligoninės laboratorija",186,59,181,55,5,4,0,5,434,339
2020-04-06,"LSMU ligoninės Kauno klinikų laboratorija",714,153,698,149,16,4,0,16,0,0
2020-04-06,"Nacionalinė visuomenės sveikatos priežiūros laboratorija",189,0,182,0,7,0,0,7,201,84
2020-04-06,"Nacionalinio maisto ir veterinarijos rizikos vertinimo instituto laboratorija",558,558,557,557,1,1,0,1,60,60
2020-04-06,"Respublikinės Šiaulių ligoninės laboratorija",191,68,186,65,5,3,1,4,161,77
2020-04-06,"UAB „Diagnostikos laboratorija“ („Antėja“)",45,45,43,43,2,2,0,2,4,4
2020-04-06,"UAB „SK Impeks Medicinos diagnostikos centras“",103,7,102,7,1,0,1,0,1,0
2020-04-06,"VU ligoninės Santaros klinikų laboratorija",222,0,215,0,7,0,5,2,12,0
2020-04-07,"Klaipėdos universitetinės ligoninės laboratorija",466,267,459,264,7,3,0,7,167,167
2020-04-07,"LSMU ligoninės Kauno klinikų laboratorija",1008,201,996,197,12,4,0,12,200,0
2020-04-07,"Nacionalinė visuomenės sveikatos priežiūros laboratorija",211,82,201,72,10,10,0,10,142,52
2020-04-07,"Nacionalinio maisto ir veterinarijos rizikos vertinimo instituto laboratorija",60,60,60,60,0,0,0,0,0,0
2020-04-07,"Nacionalinio vėžio instituto laboratorija",64,64,63,63,1,1,0,1,1,0
2020-04-07,"Respublikinės Šiaulių ligoninės laboratorija",315,160,314,159,1,1,0,1,78,70
2020-04-07,"UAB „Diagnostikos laboratorija“ („Antėja“)",4,3,3,3,1,0,1,0,0,0
2020-04-07,"UAB „SK Impeks Medicinos diagnostikos centras“",13,0,13,0,0,0,0,0,0,0
2020-04-07,"VU ligoninės Santaros klinikų laboratorija",160,11,151,11,9,0,8,1,0,0
2020-04-08,"Klaipėdos universitetinės ligoninės laboratorija",384,161,375,155,9,6,0,9,0,0
2020-04-08,"LSMU ligoninės Kauno klinikų laboratorija",1003,97,992,95,11,2,0,11,240,0
2020-04-08,"Nacionalinė visuomenės sveikatos priežiūros laboratorija",215,31,212,30,3,1,1,2,357,40
2020-04-08,"Nacionalinio maisto ir veterinarijos rizikos vertinimo instituto laboratorija",465,459,445,445,20,14,6,14,120,120
2020-04-08,"Nacionalinio vėžio instituto laboratorija",71,18,70,18,1,0,0,1,0,0
2020-04-08,"Respublikinės Šiaulių ligoninės laboratorija",313,124,313,124,0,0,0,0,60,0
2020-04-08,"UAB „Baltic Medics“",22,1,22,1,0,0,0,0,0,0
2020-04-08,"VU ligoninės Santaros klinikų laboratorija",226,0,216,0,10,0,5,5,5,0
2020-04-09,"Klaipėdos universitetinės ligoninės laboratorija",376,162,363,157,13,5,0,13,0,0
2020-04-09,"LSMU ligoninės Kauno klinikų laboratorija",1524,313,1509,304,15,9,0,15,0,0
2020-04-09,"Nacionalinė visuomenės sveikatos priežiūros laboratorija",340,3,335,0,5,3,0,5,0,0
2020-04-09,"Nacionalinio maisto ir veterinarijos rizikos vertinimo instituto laboratorija",262,258,250,250,12,8,4,8,0,0
2020-04-09,"Nacionalinio vėžio instituto laboratorija",181,93,180,92,1,1,0,1,0,0
2020-04-09,"Respublikinės Šiaulių ligoninės laboratorija",258,47,256,46,2,1,0,2,30,0
2020-04-09,"UAB „Baltic Medics“",33,31,33,31,0,0,0,0,0,0
2020-04-09,"UAB „Medicina practica laboratorija“",77,77,77,77,0,0,0,0,0,0
2020-04-09,"VU ligoninės Santaros klinikų laboratorija",191,11,187,11,4,0,4,0,10,0
2020-04-10,"Klaipėdos universitetinės ligoninės laboratorija",281,67,273,63,8,4,0,8,0,0
2020-04-10,"LSMU ligoninės Kauno klinikų laboratorija",927,182,920,178,7,4,0,7,0,0
2020-04-10,"Nacionalinė visuomenės sveikatos priežiūros laboratorija",271,57,256,56,15,1,12,3,328,55
2020-04-10,"Nacionalinio maisto ir veterinarijos rizikos vertinimo instituto laboratorija",269,269,262,262,7,7,0,7,47,47
2020-04-10,"Nacionalinio vėžio instituto laboratorija",141,69,140,68,1,1,0,1,1,0
2020-04-10,"Respublikinės Šiaulių ligoninės laboratorija",220,37,218,37,2,0,1,1,7,6
2020-04-10,"UAB „Baltic Medics“",29,27,28,27,1,0,1,0,0,0
2020-04-10,"UAB „Medicina practica laboratorija“",12,12,12,12,0,0,0,0,0,0
2020-04-10,"UAB „SK Impeks Medicinos diagnostikos centras“",18,0,18,0,0,0,0,0,0,0
2020-04-10,"VU ligoninės Santaros klinikų laboratorija",253,13,245,13,8,0,8,0,5,0
2020-04-11,"Klaipėdos universitetinės ligoninės laboratorija",178,143,166,131,12,12,0,12,0,0
2020-04-11,"LSMU ligoninės Kauno klinikų laboratorija",596,151,591,150,5,1,1,4,0,0
2020-04-11,"Nacionalinė visuomenės sveikatos priežiūros laboratorija",359,78,356,77,3,1,1,2,25,21
2020-04-11,"Nacionalinio maisto ir veterinarijos rizikos vertinimo instituto laboratorija",296,294,286,286,10,8,2,8,93,93
2020-04-11,"Nacionalinio vėžio instituto laboratorija",176,25,176,25,0,0,0,0,0,0
2020-04-11,"Respublikinės Šiaulių ligoninės laboratorija",145,34,145,34,0,0,0,0,0,0
2020-04-11,"UAB „Baltic Medics“",11,11,11,11,0,0,0,0,0,0
2020-04-11,"UAB „Medicina practica laboratorija“",247,247,247,247,0,0,0,0,0,0
2020-04-11,"VU ligoninės Santaros klinikų laboratorija",105,15,103,15,2,0,1,1,10,0
2020-04-12,"Klaipėdos universitetinės ligoninės laboratorija",188,140,187,140,1,0,0,1,0,0
2020-04-12,"LSMU ligoninės Kauno klinikų laboratorija",191,23,190,22,1,1,0,1,0,0
2020-04-12,"Nacionalinė visuomenės sveikatos priežiūros laboratorija",51,48,49,46,2,2,0,2,0,0
2020-04-12,"Nacionalinio maisto ir veterinarijos rizikos vertinimo instituto laboratorija",170,166,161,161,9,5,4,5,0,0
2020-04-12,"Respublikinės Šiaulių ligoninės laboratorija",86,0,86,0,0,0,0,0,8,0
2020-04-12,"VU ligoninės Santaros klinikų laboratorija",105,0,104,0,1,0,1,0,2,0
2020-04-13,"Klaipėdos universitetinės ligoninės laboratorija",283,278,279,275,4,3,0,4,0,0
2020-04-13,"LSMU ligoninės Kauno klinikų laboratorija",299,93,297,91,2,2,0,2,0,0
2020-04-13,"Nacionalinė visuomenės sveikatos priežiūros laboratorija",2,0,2,0,0,0,0,0,0,0
2020-04-13,"Nacionalinio maisto ir veterinarijos rizikos vertinimo instituto laboratorija",151,150,149,149,2,1,1,1,0,0
2020-04-13,"Respublikinės Šiaulių ligoninės laboratorija",134,0,134,0,0,0,0,0,1,0
2020-04-13,"UAB „Medicina practica laboratorija“",189,189,189,189,0,0,0,0,0,0
2020-04-13,"VU ligoninės Santaros klinikų laboratorija",129,24,126,24,3,0,2,1,0,0
2020-04-14,"Klaipėdos universitetinės ligoninės laboratorija",281,113,274,108,7,5,0,7,44,44
2020-04-14,"LSMU ligoninės Kauno klinikų laboratorija",946,40,942,40,4,0,0,4,200,0
2020-04-14,"Nacionalinė visuomenės sveikatos priežiūros laboratorija",129,33,125,30,4,3,0,4,180,54
2020-04-14,"Nacionalinio maisto ir veterinarijos rizikos vertinimo instituto laboratorija",93,93,89,89,4,4,0,4,0,0
2020-04-14,"Nacionalinio vėžio instituto laboratorija",41,0,41,0,0,0,0,0,1,0
2020-04-14,"Respublikinės Šiaulių ligoninės laboratorija",253,45,253,45,0,0,0,0,96,0
2020-04-14,"UAB „Baltic Medics“",20,19,20,19,0,0,0,0,0,0
2020-04-14,"VU ligoninės Santaros klinikų laboratorija",224,9,211,9,13,0,11,2,26,0
2020-04-15,"Klaipėdos universitetinės ligoninės laboratorija",376,163,364,156,12,7,0,12,0,0
2020-04-15,"LSMU ligoninės Kauno klinikų laboratorija",1594,239,1588,235,6,4,0,6,50,0
2020-04-15,"Nacionalinė visuomenės sveikatos priežiūros laboratorija",439,156,433,154,6,2,2,4,183,0
2020-04-15,"Nacionalinio maisto ir veterinarijos rizikos vertinimo instituto laboratorija",353,349,342,342,11,7,4,7,0,0
2020-04-15,"Nacionalinio vėžio instituto laboratorija",50,0,50,0,0,0,0,0,2,0
2020-04-15,"Respublikinės Šiaulių ligoninės laboratorija",351,69,351,69,0,0,0,0,317,25
2020-04-15,"UAB „Baltic Medics“",46,45,46,45,0,0,0,0,0,0
2020-04-15,"VU Gyvybės mokslų centras",37,0,36,0,1,0,0,1,179,0
2020-04-15,"VU ligoninės Santaros klinikų laboratorija",614,11,604,11,10,0,3,7,53,0
2020-04-16,"Klaipėdos universitetinės ligoninės laboratorija",375,133,372,132,3,1,NA,NA,0,0
2020-04-16,"LSMU ligoninės Kauno klinikų laboratorija",1889,375,1884,375,5,0,NA,NA,300,0
2020-04-16,"Nacionalinė visuomenės sveikatos priežiūros laboratorija",339,41,330,40,9,1,NA,NA,239,1
2020-04-16,"Nacionalinio maisto ir veterinarijos rizikos vertinimo instituto laboratorija",265,265,259,259,6,6,NA,NA,0,0
2020-04-16,"Nacionalinio vėžio instituto laboratorija",178,55,178,55,0,0,NA,NA,0,0
2020-04-16,"Respublikinės Šiaulių ligoninės laboratorija",450,25,449,25,1,0,NA,NA,119,0
2020-04-16,"UAB „Medicina practica laboratorija“",245,234,245,234,0,0,NA,NA,3,3
2020-04-16,"VU Gyvybės mokslų centras",154,0,154,0,0,0,NA,NA,243,0
2020-04-16,"VU ligoninės Santaros klinikų laboratorija",669,2,664,2,5,0,NA,NA,43,0
2020-04-17,"Klaipėdos universitetinės ligoninės laboratorija",470,166,461,161,9,5,NA,NA,16,16
2020-04-17,"LSMU ligoninės Kauno klinikų laboratorija",1756,392,1750,389,6,3,NA,NA,300,300
2020-04-17,"Nacionalinė visuomenės sveikatos priežiūros laboratorija",506,17,506,17,0,0,NA,NA,554,0
2020-04-17,"Nacionalinio maisto ir veterinarijos rizikos vertinimo instituto laboratorija",651,16,635,0,16,16,NA,NA,0,0
2020-04-17,"Nacionalinio vėžio instituto laboratorija",380,36,379,35,1,1,NA,NA,201,0
2020-04-17,"Respublikinės Šiaulių ligoninės laboratorija",345,14,345,14,0,0,NA,NA,154,0
2020-04-17,"UAB „Baltic Medics“",49,49,49,49,0,0,NA,NA,121,116
2020-04-17,"UAB „Diagnostikos laboratorija“ („Antėja“)",273,138,272,137,1,1,NA,NA,207,0
2020-04-17,"UAB „Medicina practica laboratorija“",185,185,185,185,0,0,NA,NA,4,4
2020-04-17,"VU Gyvybės mokslų centras",243,0,189,0,54,0,NA,NA,0,0
2020-04-17,"VU ligoninės Santaros klinikų laboratorija",857,0,850,0,7,0,NA,NA,264,0
2020-04-18,"Klaipėdos universitetinės ligoninės laboratorija",261,183,220,142,41,41,NA,NA,0,0
2020-04-18,"LSMU ligoninės Kauno klinikų laboratorija",1505,877,1491,872,14,5,NA,NA,0,0
2020-04-18,"Nacionalinė visuomenės sveikatos priežiūros laboratorija",505,0,503,0,2,0,NA,NA,251,0
2020-04-18,"Nacionalinio maisto ir veterinarijos rizikos vertinimo instituto laboratorija",651,444,644,443,7,1,NA,NA,235,235
2020-04-18,"Nacionalinio vėžio instituto laboratorija",286,41,285,41,1,0,NA,NA,29,0
2020-04-18,"Respublikinės Šiaulių ligoninės laboratorija",417,39,417,39,0,0,NA,NA,36,7
2020-04-18,"UAB „Baltic Medics“",18,0,18,0,0,0,NA,NA,0,0
2020-04-18,"UAB „Diagnostikos laboratorija“ („Antėja“)",542,214,542,214,0,0,NA,NA,2,0
2020-04-18,"UAB „Medicina practica laboratorija“",94,94,94,94,0,0,NA,NA,6,6
2020-04-18,"UAB „SK Impeks Medicinos diagnostikos centras“",138,133,138,133,0,0,NA,NA,0,0
2020-04-18,"VU Gyvybės mokslų centras",151,56,151,56,0,0,NA,NA,0,0
2020-04-18,"VU ligoninės Santaros klinikų laboratorija",651,50,638,50,13,0,NA,NA,10,0
2020-04-19,"Klaipėdos universitetinės ligoninės laboratorija",188,113,177,105,11,8,NA,NA,0,0
2020-04-19,"LSMU ligoninės Kauno klinikų laboratorija",546,230,541,230,5,0,NA,NA,0,0
2020-04-19,"Nacionalinė visuomenės sveikatos priežiūros laboratorija",360,160,354,159,6,1,NA,NA,104,2
2020-04-19,"Nacionalinio maisto ir veterinarijos rizikos vertinimo instituto laboratorija",651,649,642,642,9,9,NA,NA,210,210
2020-04-19,"Nacionalinio vėžio instituto laboratorija",28,0,28,0,0,0,NA,NA,1,0
2020-04-19,"Respublikinės Šiaulių ligoninės laboratorija",251,142,251,142,0,0,NA,NA,130,48
2020-04-19,"UAB „Diagnostikos laboratorija“ („Antėja“)",28,11,28,11,0,0,NA,NA,0,0
2020-04-19,"UAB „Medicina practica laboratorija“",0,0,0,0,0,0,NA,NA,6,6
2020-04-19,"UAB „SK Impeks Medicinos diagnostikos centras“",64,0,64,0,0,0,NA,NA,0,0
2020-04-19,"VU ligoninės Santaros klinikų laboratorija",194,0,184,0,10,0,NA,NA,25,0
2020-04-20,"Klaipėdos universitetinės ligoninės laboratorija",372,121,370,119,2,2,0,2,240,240
2020-04-20,"LSMU ligoninės Kauno klinikų laboratorija",946,137,941,135,5,2,1,4,50,0
2020-04-20,"Nacionalinė visuomenės sveikatos priežiūros laboratorija",339,77,338,77,1,0,0,1,281,0
2020-04-20,"Nacionalinio maisto ir veterinarijos rizikos vertinimo instituto laboratorija",650,648,638,638,12,10,2,10,170,170
2020-04-20,"Nacionalinio vėžio instituto laboratorija",169,0,169,0,0,0,0,0,352,0
2020-04-20,"Respublikinės Šiaulių ligoninės laboratorija",340,34,338,34,2,0,1,1,200,14
2020-04-20,"UAB „Baltic Medics“",59,49,59,49,0,0,0,0,0,0
2020-04-20,"UAB „Diagnostikos laboratorija“ („Antėja“)",281,54,281,54,0,0,0,0,176,107
2020-04-20,"UAB „Medicina practica laboratorija“",173,165,173,165,0,0,0,0,25,25
2020-04-20,"VU Gyvybės mokslų centras",264,264,262,262,2,2,0,2,153,153
2020-04-20,"VU ligoninės Santaros klinikų laboratorija",808,0,790,0,18,0,14,4,9,0
2020-04-21,"Klaipėdos universitetinės ligoninės laboratorija",552,143,546,140,NA,3,NA,6,280,280
2020-04-21,"LSMU ligoninės Kauno klinikų laboratorija",1677,339,1676,339,1,0,0,1,200,0
2020-04-21,"Nacionalinė visuomenės sveikatos priežiūros laboratorija",499,0,499,0,0,0,0,0,225,0
2020-04-21,"Nacionalinio maisto ir veterinarijos rizikos vertinimo instituto laboratorija",651,646,639,639,12,7,5,7,260,260
2020-04-21,"Nacionalinio vėžio instituto laboratorija",486,37,486,37,0,0,0,0,184,0
2020-04-21,"Respublikinės Šiaulių ligoninės laboratorija",96,14,96,14,0,0,0,0,21,0
2020-04-21,"UAB „Baltic Medics“",93,90,93,90,0,0,0,0,0,0
2020-04-21,"UAB „Diagnostikos laboratorija“ („Antėja“)",549,130,547,128,2,2,0,2,403,121
2020-04-21,"UAB „Medicina practica laboratorija“",258,93,258,93,0,0,0,0,21,21
2020-04-21,"VU Gyvybės mokslų centras",308,308,305,305,3,3,0,3,204,204
2020-04-21,"VU ligoninės Santaros klinikų laboratorija",871,0,860,0,11,0,10,1,8,0
2020-04-22,"Klaipėdos universitetinės ligoninės laboratorija",567,131,564,131,3,0,3,0,320,320
2020-04-22,"LSMU ligoninės Kauno klinikų laboratorija",1974,581,1970,580,4,1,1,3,250,150
2020-04-22,"Nacionalinė visuomenės sveikatos priežiūros laboratorija",504,0,500,0,4,0,0,4,225,0
2020-04-22,"Nacionalinio maisto ir veterinarijos rizikos vertinimo instituto laboratorija",644,644,629,629,15,15,0,15,150,150
2020-04-22,"Nacionalinio vėžio instituto laboratorija",496,30,496,30,0,0,0,0,328,0
2020-04-22,"Respublikinės Šiaulių ligoninės laboratorija",0,0,0,0,0,0,0,0,38,0
2020-04-22,"UAB „Baltic Medics“",157,157,156,156,1,1,0,1,42,42
2020-04-22,"UAB „Diagnostikos laboratorija“ („Antėja“)",555,161,555,161,0,0,0,0,474,140
2020-04-22,"UAB „Medicina practica laboratorija“",640,154,640,154,0,0,0,0,151,151
2020-04-22,"UAB „SK Impeks Medicinos diagnostikos centras“",68,0,68,0,0,0,0,0,0,0
2020-04-22,"VU Gyvybės mokslų centras",386,331,382,327,4,4,0,4,271,0
2020-04-22,"VU ligoninės Santaros klinikų laboratorija",807,0,796,0,11,0,10,1,6,0
2020-04-23,"Klaipėdos universitetinės ligoninės laboratorija",574,201,562,200,12,1,10,2,345,0
2020-04-23,"LSMU ligoninės Kauno klinikų laboratorija",2183,256,2179,255,4,1,3,1,300,300
2020-04-23,"Nacionalinė visuomenės sveikatos priežiūros laboratorija",514,0,513,0,1,0,0,1,225,0
2020-04-23,"Nacionalinio maisto ir veterinarijos rizikos vertinimo instituto laboratorija",417,336,414,334,3,2,1,2,141,141
2020-04-23,"Nacionalinio vėžio instituto laboratorija",511,10,510,10,1,0,0,1,87,0
2020-04-23,"Respublikinės Šiaulių ligoninės laboratorija",11,0,11,0,0,0,0,0,44,0
2020-04-23,"UAB „Baltic Medics“",216,216,216,216,0,0,0,0,61,61
2020-04-23,"UAB „Diagnostikos laboratorija“ („Antėja“)",652,197,650,196,2,1,1,1,591,120
2020-04-23,"UAB „Medicina practica laboratorija“",809,0,809,0,0,0,0,0,100,100
2020-04-23,"UAB „SK Impeks Medicinos diagnostikos centras“",202,0,201,0,1,0,0,1,199,0
2020-04-23,"VU Gyvybės mokslų centras",463,463,462,462,1,1,0,1,171,23
2020-04-23,"VU ligoninės Santaros klinikų laboratorija",849,0,835,0,14,0,12,2,9,0
2020-04-24,"Klaipėdos universitetinės ligoninės laboratorija",571,54,555,45,16,9,7,9,765,0
2020-04-24,"LSMU ligoninės Kauno klinikų laboratorija",2155,436,2152,436,3,0,2,1,120,0
2020-04-24,"Nacionalinė visuomenės sveikatos priežiūros laboratorija",504,28,504,28,0,0,0,0,225,79
2020-04-24,"Nacionalinio maisto ir veterinarijos rizikos vertinimo instituto laboratorija",642,639,636,636,6,3,3,3,186,186
2020-04-24,"Nacionalinio vėžio instituto laboratorija",456,0,456,0,0,0,0,0,311,0
2020-04-24,"Respublikinės Šiaulių ligoninės laboratorija",254,0,254,0,0,0,0,0,297,33
2020-04-24,"UAB „Baltic Medics“",151,151,151,151,0,0,0,0,67,67
2020-04-24,"UAB „Diagnostikos laboratorija“ („Antėja“)",654,120,654,120,0,0,0,0,538,115
2020-04-24,"UAB „Invitro diagnostika“",307,0,306,0,1,0,0,1,0,0
2020-04-24,"UAB „Medicina practica laboratorija“",652,135,652,135,0,0,0,0,21,21
2020-04-24,"UAB „SK Impeks Medicinos diagnostikos centras“",205,0,204,0,1,0,0,1,0,0
2020-04-24,"VU Gyvybės mokslų centras",449,59,449,59,0,0,0,0,191,0
2020-04-24,"VU ligoninės Santaros klinikų laboratorija",956,0,946,0,10,0,9,1,282,0
2020-04-25,"Klaipėdos universitetinės ligoninės laboratorija",671,1,656,0,15,1,13,2,200,0
2020-04-25,"LSMU ligoninės Kauno klinikų laboratorija",978,418,974,416,4,2,2,2,0,0
2020-04-25,"Nacionalinė visuomenės sveikatos priežiūros laboratorija",500,51,499,51,1,0,0,1,215,1
2020-04-25,"Nacionalinio maisto ir veterinarijos rizikos vertinimo instituto laboratorija",582,579,576,576,6,3,3,3,200,200
2020-04-25,"Nacionalinio vėžio instituto laboratorija",319,40,319,40,0,0,0,0,0,0
2020-04-25,"Respublikinės Šiaulių ligoninės laboratorija",326,34,326,34,0,0,0,0,53,0
2020-04-25,"UAB „Baltic Medics“",245,243,244,242,1,1,0,1,0,0
2020-04-25,"UAB „Diagnostikos laboratorija“ („Antėja“)",648,176,648,176,0,0,0,0,23,23
2020-04-25,"UAB „Medicina practica laboratorija“",553,57,553,57,0,0,0,0,104,0
2020-04-25,"VU Gyvybės mokslų centras",201,0,201,0,0,0,0,0,0,0
2020-04-25,"VU ligoninės Santaros klinikų laboratorija",517,52,503,52,14,0,11,3,9,0
2020-04-26,"Klaipėdos universitetinės ligoninės laboratorija",446,22,441,21,5,1,3,2,0,0
2020-04-26,"LSMU ligoninės Kauno klinikų laboratorija",374,51,371,51,3,0,1,2,0,0
2020-04-26,"Nacionalinė visuomenės sveikatos priežiūros laboratorija",490,112,490,112,0,0,0,0,0,0
2020-04-26,"Nacionalinio maisto ir veterinarijos rizikos vertinimo instituto laboratorija",420,229,412,222,8,7,1,7,0,0
2020-04-26,"Nacionalinio vėžio instituto laboratorija",14,0,14,0,0,0,0,0,0,0
2020-04-26,"Respublikinės Šiaulių ligoninės laboratorija",217,0,217,0,0,0,0,0,55,0
2020-04-26,"UAB „Diagnostikos laboratorija“ („Antėja“)",23,23,23,23,0,0,0,0,0,0
2020-04-26,"UAB „Medicina practica laboratorija“",104,0,104,0,0,0,0,0,0,0
2020-04-26,"VU ligoninės Santaros klinikų laboratorija",199,0,189,0,10,0,10,0,8,0
2020-04-27,"Klaipėdos universitetinės ligoninės laboratorija",491,144,483,143,8,1,NA,NA,139,49
2020-04-27,"LSMU ligoninės Kauno klinikų laboratorija",1468,285,1465,285,3,0,NA,NA,0,0
2020-04-27,"Nacionalinė visuomenės sveikatos priežiūros laboratorija",496,114,496,114,0,0,NA,NA,225,40
2020-04-27,"Nacionalinio maisto ir veterinarijos rizikos vertinimo instituto laboratorija",205,155,203,154,2,1,NA,NA,137,137
2020-04-27,"Nacionalinio vėžio instituto laboratorija",203,0,203,0,0,0,NA,NA,0,0
2020-04-27,"Respublikinės Panevėžio ligoninės laboratorija",24,0,24,0,0,0,NA,NA,0,0
2020-04-27,"Respublikinės Šiaulių ligoninės laboratorija",259,0,259,0,0,0,NA,NA,172,30
2020-04-27,"UAB „Baltic Medics“",331,331,331,331,0,0,NA,NA,1,1
2020-04-27,"UAB „Diagnostikos laboratorija“ („Antėja“)",345,66,345,66,0,0,NA,NA,463,108
2020-04-27,"UAB „Medicina practica laboratorija“",445,76,445,76,0,0,NA,NA,53,0
2020-04-27,"UAB „SK Impeks Medicinos diagnostikos centras“",36,0,36,0,0,0,NA,NA,0,0
2020-04-27,"VU ligoninės Santaros klinikų laboratorija",731,0,726,0,5,0,NA,NA,19,0
2020-04-28,"Klaipėdos universitetinės ligoninės laboratorija",561,115,539,115,22,0,NA,NA,139,22
2020-04-28,"LSMU ligoninės Kauno klinikų laboratorija",1706,273,1706,273,0,0,NA,NA,0,0
2020-04-28,"Nacionalinė visuomenės sveikatos priežiūros laboratorija",596,113,596,113,0,0,NA,NA,225,12
2020-04-28,"Nacionalinio maisto ir veterinarijos rizikos vertinimo instituto laboratorija",579,579,570,570,9,4,NA,NA,186,186
2020-04-28,"Nacionalinio vėžio instituto laboratorija",240,0,240,0,0,0,NA,NA,224,0
2020-04-28,"Respublikinės Panevėžio ligoninės laboratorija",24,0,24,0,0,0,NA,NA,0,0
2020-04-28,"Respublikinės Šiaulių ligoninės laboratorija",527,131,526,131,1,0,NA,NA,298,38
2020-04-28,"UAB „Baltic Medics“",218,216,218,216,0,0,NA,NA,0,0
2020-04-28,"UAB „Diagnostikos laboratorija“ („Antėja“)",654,106,654,106,0,0,NA,NA,211,62
2020-04-28,"UAB „Medicina practica laboratorija“",439,0,439,0,0,0,NA,NA,57,0
2020-04-28,"UAB „SK Impeks Medicinos diagnostikos centras“",0,0,0,0,0,0,NA,NA,89,0
2020-04-28,"VU ligoninės Santaros klinikų laboratorija",848,0,840,0,8,0,NA,NA,11,0
2020-04-29,"Klaipėdos universitetinės ligoninės laboratorija",564,128,552,123,12,0,NA,NA,125,0
2020-04-29,"LSMU ligoninės Kauno klinikų laboratorija",2143,406,2142,406,1,0,NA,NA,150,0
2020-04-29,"Nacionalinė visuomenės sveikatos priežiūros laboratorija",601,7,601,7,0,0,NA,NA,225,0
2020-04-29,"Nacionalinio maisto ir veterinarijos rizikos vertinimo instituto laboratorija",667,667,657,657,10,1,NA,NA,200,200
2020-04-29,"Nacionalinio vėžio instituto laboratorija",531,52,531,52,0,0,NA,NA,232,0
2020-04-29,"Respublikinės Panevėžio ligoninės laboratorija",24,0,24,0,0,0,NA,NA,0,0
2020-04-29,"Respublikinės Šiaulių ligoninės laboratorija",591,96,591,96,0,0,NA,NA,207,0
2020-04-29,"UAB „Baltic Medics“",212,212,212,212,0,0,NA,NA,35,35
2020-04-29,"UAB „Diagnostikos laboratorija“ („Antėja“)",400,149,398,147,2,2,NA,NA,443,46
2020-04-29,"UAB „Invitro diagnostika“",175,41,174,40,1,0,NA,NA,20,0
2020-04-29,"UAB „Medicina practica laboratorija“",467,0,467,0,0,0,NA,NA,20,0
2020-04-29,"UAB „SK Impeks Medicinos diagnostikos centras“",163,0,153,0,10,0,NA,NA,0,0
2020-04-29,"VU ligoninės Santaros klinikų laboratorija",816,0,809,0,7,0,NA,NA,12,0
2020-04-30,"Klaipėdos universitetinės ligoninės laboratorija",566,158,555,151,11,0,NA,NA,85,0
2020-04-30,"LSMU ligoninės Kauno klinikų laboratorija",2185,415,2181,415,4,0,NA,NA,250,250
2020-04-30,"Nacionalinė visuomenės sveikatos priežiūros laboratorija",598,0,597,0,1,0,NA,NA,205,0
2020-04-30,"Nacionalinio maisto ir veterinarijos rizikos vertinimo instituto laboratorija",610,610,604,604,6,0,NA,NA,200,200
2020-04-30,"Nacionalinio vėžio instituto laboratorija",358,55,358,55,0,0,NA,NA,0,0
2020-04-30,"Respublikinės Panevėžio ligoninės laboratorija",24,0,24,0,0,0,NA,NA,0,0
2020-04-30,"Respublikinės Šiaulių ligoninės laboratorija",403,103,403,103,0,0,NA,NA,648,75
2020-04-30,"UAB „Baltic Medics“",214,187,214,187,0,0,NA,NA,0,0
2020-04-30,"UAB „Diagnostikos laboratorija“ („Antėja“)",749,154,749,154,0,0,NA,NA,320,40
2020-04-30,"UAB „Medicina practica laboratorija“",248,0,248,0,0,0,NA,NA,0,0
2020-04-30,"UAB „SK Impeks Medicinos diagnostikos centras“",213,0,213,0,0,0,NA,NA,98,0
2020-04-30,"VU Gyvybės mokslų centras",369,100,369,100,0,0,NA,NA,288,0
2020-04-30,"VU ligoninės Santaros klinikų laboratorija",676,0,669,0,7,0,NA,NA,12,0
2020-05-01,"Klaipėdos universitetinės ligoninės laboratorija",282,82,252,56,30,4,NA,NA,21,0
2020-05-01,"LSMU ligoninės Kauno klinikų laboratorija",1096,575,1089,574,7,0,NA,NA,0,0
2020-05-01,"Nacionalinė visuomenės sveikatos priežiūros laboratorija",600,0,600,0,0,0,NA,NA,230,71
2020-05-01,"Nacionalinio maisto ir veterinarijos rizikos vertinimo instituto laboratorija",650,650,640,640,10,1,NA,NA,93,93
2020-05-01,"Nacionalinio vėžio instituto laboratorija",0,0,0,0,0,0,NA,NA,0,0
2020-05-01,"Respublikinės Panevėžio ligoninės laboratorija",48,0,48,0,0,0,NA,NA,0,0
2020-05-01,"Respublikinės Šiaulių ligoninės laboratorija",764,145,764,145,0,0,NA,NA,0,0
2020-05-01,"UAB „Baltic Medics“",231,231,229,229,2,2,NA,NA,0,0
2020-05-01,"UAB „Diagnostikos laboratorija“ („Antėja“)",321,40,321,40,0,0,NA,NA,0,0
2020-05-01,"UAB „Invitro diagnostika“",417,0,415,0,2,0,NA,NA,0,0
2020-05-01,"UAB „Medicina practica laboratorija“",458,0,458,0,0,0,NA,NA,0,0
2020-05-01,"UAB „SK Impeks Medicinos diagnostikos centras“",98,0,98,0,0,0,NA,NA,0,0
2020-05-01,"VU Gyvybės mokslų centras",288,0,288,0,0,0,NA,NA,0,0
2020-05-01,"VU ligoninės Santaros klinikų laboratorija",249,0,245,0,4,0,NA,NA,11,0
2020-05-02,"Klaipėdos universitetinės ligoninės laboratorija",196,51,190,47,6,0,NA,NA,0,0
2020-05-02,"LSMU ligoninės Kauno klinikų laboratorija",1056,593,1056,593,0,0,NA,NA,0,0
2020-05-02,"Nacionalinė visuomenės sveikatos priežiūros laboratorija",603,175,602,174,1,0,NA,NA,235,71
2020-05-02,"Nacionalinio maisto ir veterinarijos rizikos vertinimo instituto laboratorija",433,433,432,432,1,0,NA,NA,210,210
2020-05-02,"Respublikinės Panevėžio ligoninės laboratorija",24,0,24,0,0,0,NA,NA,0,0
2020-05-02,"Respublikinės Šiaulių ligoninės laboratorija",432,146,432,146,0,0,NA,NA,0,0
2020-05-02,"UAB „Baltic Medics“",193,193,193,193,0,0,NA,NA,0,0
2020-05-02,"UAB „Diagnostikos laboratorija“ („Antėja“)",277,269,277,269,0,0,NA,NA,131,131
2020-05-02,"VU ligoninės Santaros klinikų laboratorija",194,0,187,0,7,0,NA,NA,79,0
2020-05-03,"Klaipėdos universitetinės ligoninės laboratorija",139,42,139,42,0,0,NA,NA,0,0
2020-05-03,"LSMU ligoninės Kauno klinikų laboratorija",654,374,650,374,4,0,NA,NA,0,0
2020-05-03,"Nacionalinė visuomenės sveikatos priežiūros laboratorija",116,63,116,63,0,0,NA,NA,52,25
2020-05-03,"Nacionalinio maisto ir veterinarijos rizikos vertinimo instituto laboratorija",640,640,640,640,0,0,NA,NA,200,200
2020-05-03,"Respublikinės Šiaulių ligoninės laboratorija",304,169,303,168,1,1,NA,NA,0,0
2020-05-03,"UAB „Diagnostikos laboratorija“ („Antėja“)",131,131,131,131,0,0,NA,NA,0,0
2020-05-03,"UAB „Medicina practica laboratorija“",0,0,0,0,0,0,NA,NA,151,151
2020-05-03,"VU ligoninės Santaros klinikų laboratorija",367,0,355,0,12,0,NA,NA,10,0
2020-05-04,"Klaipėdos universitetinės ligoninės laboratorija",501,114,497,113,4,0,NA,NA,112,16
2020-05-04,"LSMU ligoninės Kauno klinikų laboratorija",1177,56,1176,56,1,0,NA,NA,250,200
2020-05-04,"Nacionalinė visuomenės sveikatos priežiūros laboratorija",206,42,204,42,2,2,NA,NA,225,25
2020-05-04,"Nacionalinio maisto ir veterinarijos rizikos vertinimo instituto laboratorija",646,639,644,637,2,0,NA,NA,200,200
2020-05-04,"Nacionalinio vėžio instituto laboratorija",273,0,273,0,0,0,NA,NA,234,51
2020-05-04,"Respublikinės Panevėžio ligoninės laboratorija",48,0,48,0,0,0,NA,NA,0,0
2020-05-04,"Respublikinės Šiaulių ligoninės laboratorija",493,86,493,86,0,0,NA,NA,0,0
2020-05-04,"UAB „Baltic Medics“",305,302,305,302,0,0,NA,NA,0,0
2020-05-04,"UAB „Diagnostikos laboratorija“ („Antėja“)",342,110,342,110,0,0,NA,NA,146,103
2020-05-04,"UAB „Medicina practica laboratorija“",152,151,151,150,1,0,NA,NA,0,0
2020-05-04,"UAB „SK Impeks Medicinos diagnostikos centras“",94,0,94,0,0,0,NA,NA,145,40
2020-05-04,"VU ligoninės Santaros klinikų laboratorija",840,0,823,0,17,0,NA,NA,10,0
2020-05-05,"Klaipėdos universitetinės ligoninės laboratorija",656,157,644,150,12,2,NA,NA,112,16
2020-05-05,"LSMU ligoninės Kauno klinikų laboratorija",2068,577,2061,576,7,1,NA,NA,350,200
2020-05-05,"Nacionalinė visuomenės sveikatos priežiūros laboratorija",605,0,604,0,1,0,NA,NA,225,0
2020-05-05,"Nacionalinio maisto ir veterinarijos rizikos vertinimo instituto laboratorija",623,623,621,621,2,1,NA,NA,190,190
2020-05-05,"Nacionalinio vėžio instituto laboratorija",420,51,420,51,0,0,NA,NA,184,0
2020-05-05,"Respublikinės Šiaulių ligoninės laboratorija",678,98,678,98,0,0,NA,NA,70,0
2020-05-05,"UAB „Baltic Medics“",257,256,257,256,0,0,NA,NA,1,1
2020-05-05,"UAB „Diagnostikos laboratorija“ („Antėja“)",526,242,526,242,0,0,NA,NA,226,93
2020-05-05,"UAB „Invitro diagnostika“",140,67,139,66,1,0,NA,NA,6,6
2020-05-05,"UAB „Medicina practica laboratorija“",65,0,65,0,0,0,NA,NA,117,0
2020-05-05,"UAB „SK Impeks Medicinos diagnostikos centras“",157,40,157,40,0,0,NA,NA,0,0
2020-05-05,"VU Gyvybės mokslų centras",235,0,235,0,0,0,NA,NA,0,0
2020-05-05,"VU ligoninės Santaros klinikų laboratorija",957,0,952,0,5,0,NA,NA,50,0
2020-05-06,"Klaipėdos universitetinės ligoninės laboratorija",564,162,553,154,11,2,NA,NA,112,16
2020-05-06,"LSMU ligoninės Kauno klinikų laboratorija",2251,702,2250,702,1,0,NA,NA,250,100
2020-05-06,"Nacionalinė visuomenės sveikatos priežiūros laboratorija",596,1,595,1,1,0,NA,NA,250,103
2020-05-06,"Nacionalinio maisto ir veterinarijos rizikos vertinimo instituto laboratorija",644,633,639,628,5,1,NA,NA,215,215
2020-05-06,"Nacionalinio vėžio instituto laboratorija",436,80,436,80,0,0,NA,NA,172,0
2020-05-06,"Respublikinės Panevėžio ligoninės laboratorija",24,0,24,0,0,0,NA,NA,0,0
2020-05-06,"Respublikinės Šiaulių ligoninės laboratorija",762,111,762,111,0,0,NA,NA,107,0
2020-05-06,"UAB „Baltic Medics“",255,253,254,252,1,1,NA,NA,0,0
2020-05-06,"UAB „Diagnostikos laboratorija“ („Antėja“)",558,140,558,140,0,0,NA,NA,293,58
2020-05-06,"UAB „Invitro diagnostika“",220,0,220,0,0,0,NA,NA,0,0
2020-05-06,"UAB „Medicina practica laboratorija“",252,0,252,0,0,0,NA,NA,120,0
2020-05-06,"UAB „SK Impeks Medicinos diagnostikos centras“",94,0,94,0,0,0,NA,NA,136,0
2020-05-06,"VU Gyvybės mokslų centras",192,0,191,0,1,0,NA,NA,0,0
2020-05-06,"VU ligoninės Santaros klinikų laboratorija",749,0,746,0,3,0,NA,NA,10,0
2020-05-07,"Klaipėdos universitetinės ligoninės laboratorija",563,182,558,179,5,1,NA,NA,0,0
2020-05-07,"LSMU ligoninės Kauno klinikų laboratorija",2190,353,2185,352,5,0,NA,NA,250,200
2020-05-07,"Nacionalinė visuomenės sveikatos priežiūros laboratorija",607,102,606,101,1,1,NA,NA,250,103
2020-05-07,"Nacionalinio maisto ir veterinarijos rizikos vertinimo instituto laboratorija",648,648,639,639,9,2,NA,NA,200,200
2020-05-07,"Nacionalinio vėžio instituto laboratorija",466,38,466,38,0,0,NA,NA,209,0
2020-05-07,"Respublikinės Panevėžio ligoninės laboratorija",48,0,48,0,0,0,NA,NA,0,0
2020-05-07,"Respublikinės Šiaulių ligoninės laboratorija",814,170,814,170,0,0,NA,NA,0,0
2020-05-07,"UAB „Baltic Medics“",211,193,211,193,0,0,NA,NA,0,0
2020-05-07,"UAB „Diagnostikos laboratorija“ („Antėja“)",656,118,656,118,0,0,NA,NA,134,110
2020-05-07,"UAB „Invitro diagnostika“",205,31,205,31,0,0,NA,NA,0,0
2020-05-07,"UAB „Medicina practica laboratorija“",320,0,316,0,4,0,NA,NA,43,0
2020-05-07,"UAB „SK Impeks Medicinos diagnostikos centras“",230,0,230,0,0,0,NA,NA,8,0
2020-05-07,"VU Gyvybės mokslų centras",232,0,232,0,0,0,NA,NA,209,0
2020-05-07,"VU ligoninės Santaros klinikų laboratorija",911,0,901,0,10,0,NA,NA,10,0
2020-05-08,"Klaipėdos universitetinės ligoninės laboratorija",562,126,559,124,3,0,NA,NA,0,0
2020-05-08,"LSMU ligoninės Kauno klinikų laboratorija",2156,606,2154,606,2,0,NA,NA,0,0
2020-05-08,"Nacionalinė visuomenės sveikatos priežiūros laboratorija",615,146,614,146,1,0,NA,NA,250,28
2020-05-08,"Nacionalinio maisto ir veterinarijos rizikos vertinimo instituto laboratorija",854,716,830,705,24,4,NA,NA,200,200
2020-05-08,"Nacionalinio vėžio instituto laboratorija",365,40,365,40,0,0,NA,NA,231,0
2020-05-08,"Respublikinės Panevėžio ligoninės laboratorija",24,0,24,0,0,0,NA,NA,0,0
2020-05-08,"Respublikinės Šiaulių ligoninės laboratorija",899,118,899,118,0,0,NA,NA,0,0
2020-05-08,"UAB „Baltic Medics“",298,298,298,298,0,0,NA,NA,0,0
2020-05-08,"UAB „Diagnostikos laboratorija“ („Antėja“)",588,242,587,241,1,0,NA,NA,1,0
2020-05-08,"UAB „Invitro diagnostika“",191,81,190,80,1,0,NA,NA,0,0
2020-05-08,"UAB „Medicina practica laboratorija“",212,0,212,0,0,0,NA,NA,0,0
2020-05-08,"UAB „SK Impeks Medicinos diagnostikos centras“",36,0,36,0,0,0,NA,NA,0,0
2020-05-08,"VU Gyvybės mokslų centras",397,0,397,0,0,0,NA,NA,286,209
2020-05-08,"VU ligoninės Santaros klinikų laboratorija",944,0,931,0,13,0,NA,NA,6,0
2020-05-09,"Klaipėdos universitetinės ligoninės laboratorija",282,99,270,93,12,1,NA,NA,0,0
2020-05-09,"LSMU ligoninės Kauno klinikų laboratorija",1062,552,1062,552,0,0,NA,NA,0,0
2020-05-09,"Nacionalinė visuomenės sveikatos priežiūros laboratorija",607,29,606,29,1,0,NA,NA,141,21
2020-05-09,"Nacionalinio maisto ir veterinarijos rizikos vertinimo instituto laboratorija",485,438,484,437,1,1,NA,NA,200,200
2020-05-09,"Nacionalinio vėžio instituto laboratorija",236,31,236,31,0,0,NA,NA,0,0
2020-05-09,"Respublikinės Panevėžio ligoninės laboratorija",24,0,24,0,0,0,NA,NA,0,0
2020-05-09,"Respublikinės Šiaulių ligoninės laboratorija",133,61,132,60,1,1,NA,NA,16,0
2020-05-09,"UAB „Baltic Medics“",164,164,164,164,0,0,NA,NA,0,0
2020-05-09,"UAB „Diagnostikos laboratorija“ („Antėja“)",110,107,110,107,0,0,NA,NA,0,0
2020-05-09,"VU Gyvybės mokslų centras",286,209,285,208,1,1,NA,NA,0,0
2020-05-09,"VU ligoninės Santaros klinikų laboratorija",192,0,186,0,6,0,NA,NA,10,0
2020-05-10,"Klaipėdos universitetinės ligoninės laboratorija",282,155,278,153,4,2,NA,NA,30,30
2020-05-10,"LSMU ligoninės Kauno klinikų laboratorija",706,379,703,379,3,0,NA,NA,0,0
2020-05-10,"Nacionalinė visuomenės sveikatos priežiūros laboratorija",415,209,415,209,0,0,NA,NA,65,21
2020-05-10,"Nacionalinio maisto ir veterinarijos rizikos vertinimo instituto laboratorija",640,640,639,639,1,0,NA,NA,200,200
2020-05-10,"Nacionalinio vėžio instituto laboratorija",13,0,13,0,0,0,NA,NA,0,0
2020-05-10,"Respublikinės Panevėžio ligoninės laboratorija",48,0,48,0,0,0,NA,NA,0,0
2020-05-10,"Respublikinės Šiaulių ligoninės laboratorija",189,53,189,53,0,0,NA,NA,0,0
2020-05-10,"UAB „Baltic Medics“",128,128,128,128,0,0,NA,NA,34,34
2020-05-10,"UAB „Diagnostikos laboratorija“ („Antėja“)",39,34,39,34,0,0,NA,NA,0,0
2020-05-10,"VU ligoninės Santaros klinikų laboratorija",192,0,186,0,6,0,NA,NA,10,0
2020-05-11,"Klaipėdos universitetinės ligoninės laboratorija",563,177,561,176,2,1,NA,NA,120,120
2020-05-11,"LSMU ligoninės Kauno klinikų laboratorija",1483,230,1482,230,1,0,NA,NA,90,50
2020-05-11,"Nacionalinė visuomenės sveikatos priežiūros laboratorija",385,83,385,83,0,0,NA,NA,233,28
2020-05-11,"Nacionalinio maisto ir veterinarijos rizikos vertinimo instituto laboratorija",651,651,650,650,1,1,NA,NA,400,200
2020-05-11,"Nacionalinio vėžio instituto laboratorija",274,41,274,41,0,0,NA,NA,20,0
2020-05-11,"Respublikinės Panevėžio ligoninės laboratorija",24,0,24,0,0,0,NA,NA,0,0
2020-05-11,"Respublikinės Šiaulių ligoninės laboratorija",434,107,434,107,0,0,NA,NA,0,0
2020-05-11,"UAB „Baltic Medics“",232,232,232,232,0,0,NA,NA,55,55
2020-05-11,"UAB „Diagnostikos laboratorija“ („Antėja“)",282,27,282,27,0,0,NA,NA,156,116
2020-05-11,"UAB „Medicina practica laboratorija“",74,0,74,0,0,0,NA,NA,3,0
2020-05-11,"UAB „SK Impeks Medicinos diagnostikos centras“",22,0,22,0,0,0,NA,NA,0,0
2020-05-11,"VU Gyvybės mokslų centras",330,0,330,0,0,0,NA,NA,232,0
2020-05-11,"VU ligoninės Santaros klinikų laboratorija",1067,0,1052,0,15,0,NA,NA,4,0
2020-05-12,"Klaipėdos universitetinės ligoninės laboratorija",658,249,652,245,6,1,NA,NA,0,0
2020-05-12,"LSMU ligoninės Kauno klinikų laboratorija",2104,715,2102,714,2,1,NA,NA,140,0
2020-05-12,"Nacionalinė visuomenės sveikatos priežiūros laboratorija",606,193,606,193,0,0,NA,NA,220,1
2020-05-12,"Nacionalinio maisto ir veterinarijos rizikos vertinimo instituto laboratorija",826,630,820,625,6,5,NA,NA,200,200
2020-05-12,"Nacionalinio vėžio instituto laboratorija",452,0,452,0,0,0,NA,NA,151,0
2020-05-12,"Respublikinės Panevėžio ligoninės laboratorija",48,0,48,0,0,0,NA,NA,0,0
2020-05-12,"Respublikinės Šiaulių ligoninės laboratorija",739,212,739,212,0,0,NA,NA,87,0
2020-05-12,"UAB „Baltic Medics“",420,418,420,418,0,0,NA,NA,0,0
2020-05-12,"UAB „Diagnostikos laboratorija“ („Antėja“)",438,173,438,173,0,0,NA,NA,151,139
2020-05-12,"UAB „Medicina practica laboratorija“",89,0,89,0,0,0,NA,NA,33,0
2020-05-12,"UAB „SK Impeks Medicinos diagnostikos centras“",16,0,16,0,0,0,NA,NA,71,0
2020-05-12,"VU Gyvybės mokslų centras",476,0,476,0,0,0,NA,NA,317,0
2020-05-12,"VU ligoninės Santaros klinikų laboratorija",1006,0,997,0,9,0,NA,NA,6,0
2020-05-13,"Klaipėdos universitetinės ligoninės laboratorija",658,203,649,199,9,1,NA,NA,60,60
2020-05-13,"LSMU ligoninės Kauno klinikų laboratorija",2001,396,2000,396,1,0,NA,NA,150,150
2020-05-13,"Nacionalinė visuomenės sveikatos priežiūros laboratorija",595,83,594,83,1,0,NA,NA,240,0
2020-05-13,"Nacionalinio maisto ir veterinarijos rizikos vertinimo instituto laboratorija",712,649,708,645,4,1,NA,NA,200,200
2020-05-13,"Nacionalinio vėžio instituto laboratorija",537,80,537,80,0,0,NA,NA,140,33
2020-05-13,"Respublikinės Panevėžio ligoninės laboratorija",142,0,142,0,0,0,NA,NA,0,0
2020-05-13,"Respublikinės Šiaulių ligoninės laboratorija",819,141,819,141,0,0,NA,NA,0,0
2020-05-13,"UAB „Baltic Medics“",274,274,274,274,0,0,NA,NA,0,0
2020-05-13,"UAB „Diagnostikos laboratorija“ („Antėja“)",465,188,465,188,0,0,NA,NA,341,84
2020-05-13,"UAB „Invitro diagnostika“",210,0,210,0,0,0,NA,NA,0,0
2020-05-13,"UAB „Medicina practica laboratorija“",277,0,277,0,0,0,NA,NA,98,0
2020-05-13,"UAB „SK Impeks Medicinos diagnostikos centras“",163,0,156,0,7,0,NA,NA,71,0
2020-05-13,"VU Gyvybės mokslų centras",317,0,317,0,0,0,NA,NA,0,0
2020-05-13,"VU ligoninės Santaros klinikų laboratorija",819,0,809,0,10,0,NA,NA,17,0
2020-05-14,"Klaipėdos universitetinės ligoninės laboratorija",658,286,640,284,18,0,NA,NA,90,60
2020-05-14,"LSMU ligoninės Kauno klinikų laboratorija",2265,900,2265,900,0,0,NA,NA,0,0
2020-05-14,"Nacionalinė visuomenės sveikatos priežiūros laboratorija",595,38,593,38,2,0,NA,NA,225,0
2020-05-14,"Nacionalinio maisto ir veterinarijos rizikos vertinimo instituto laboratorija",651,651,646,646,5,3,NA,NA,200,200
2020-05-14,"Nacionalinio vėžio instituto laboratorija",544,80,544,80,0,0,NA,NA,161,0
2020-05-14,"Respublikinės Panevėžio ligoninės laboratorija",24,0,24,0,0,0,NA,NA,0,0
2020-05-14,"Respublikinės Šiaulių ligoninės laboratorija",595,130,595,130,0,0,NA,NA,100,41
2020-05-14,"UAB „Baltic Medics“",307,279,307,279,0,0,NA,NA,5,0
2020-05-14,"UAB „Diagnostikos laboratorija“ („Antėja“)",751,151,751,151,0,0,NA,NA,362,179
2020-05-14,"UAB „Invitro diagnostika“",227,32,227,32,0,0,NA,NA,0,0
2020-05-14,"UAB „Medicina practica laboratorija“",325,0,325,0,0,0,NA,NA,110,0
2020-05-14,"UAB „SK Impeks Medicinos diagnostikos centras“",90,0,90,0,0,0,NA,NA,40,0
2020-05-14,"VU Gyvybės mokslų centras",186,0,186,0,0,0,NA,NA,99,0
2020-05-14,"VU ligoninės Santaros klinikų laboratorija",776,0,760,0,16,0,NA,NA,16,0
2020-05-15,"Klaipėdos universitetinės ligoninės laboratorija",658,174,648,169,10,1,NA,NA,50,0
2020-05-15,"LSMU ligoninės Kauno klinikų laboratorija",1786,516,1785,516,1,0,NA,NA,0,0
2020-05-15,"Nacionalinė visuomenės sveikatos priežiūros laboratorija",608,139,608,139,0,0,NA,NA,225,119
2020-05-15,"Nacionalinio maisto ir veterinarijos rizikos vertinimo instituto laboratorija",737,634,729,630,8,3,NA,NA,200,200
2020-05-15,"Nacionalinio vėžio instituto laboratorija",490,78,490,78,0,0,NA,NA,234,0
2020-05-15,"Respublikinės Panevėžio ligoninės laboratorija",94,0,94,0,0,0,NA,NA,0,0
2020-05-15,"Respublikinės Šiaulių ligoninės laboratorija",792,168,792,168,0,0,NA,NA,0,0
2020-05-15,"UAB „Baltic Medics“",220,215,220,215,0,0,NA,NA,5,0
2020-05-15,"UAB „Diagnostikos laboratorija“ („Antėja“)",749,267,749,267,0,0,NA,NA,346,187
2020-05-15,"UAB „Invitro diagnostika“",187,0,185,0,2,0,NA,NA,0,0
2020-05-15,"UAB „Medicina practica laboratorija“",346,0,346,0,0,0,NA,NA,69,0
2020-05-15,"UAB „SK Impeks Medicinos diagnostikos centras“",124,0,124,0,0,0,NA,NA,0,0
2020-05-15,"VU Gyvybės mokslų centras",346,0,346,0,0,0,NA,NA,0,0
2020-05-15,"VU ligoninės Santaros klinikų laboratorija",656,0,643,0,13,0,NA,NA,9,0
2020-05-16,"Klaipėdos universitetinės ligoninės laboratorija",280,111,275,109,5,1,NA,NA,60,60
2020-05-16,"LSMU ligoninės Kauno klinikų laboratorija",944,429,941,429,3,0,NA,NA,0,0
2020-05-16,"Nacionalinė visuomenės sveikatos priežiūros laboratorija",606,119,606,119,0,0,NA,NA,215,80
2020-05-16,"Nacionalinio maisto ir veterinarijos rizikos vertinimo instituto laboratorija",735,735,731,731,4,3,NA,NA,0,0
2020-05-16,"Nacionalinio vėžio instituto laboratorija",338,40,338,40,0,0,NA,NA,1,0
2020-05-16,"Respublikinės Panevėžio ligoninės laboratorija",136,0,136,0,0,0,NA,NA,0,0
2020-05-16,"Respublikinės Šiaulių ligoninės laboratorija",492,154,492,154,0,0,NA,NA,4,0
2020-05-16,"UAB „Baltic Medics“",194,194,194,194,0,0,NA,NA,0,0
2020-05-16,"UAB „Diagnostikos laboratorija“ („Antėja“)",461,296,461,296,0,0,NA,NA,720,720
2020-05-16,"UAB „Medicina practica laboratorija“",284,0,284,0,0,0,NA,NA,22,0
2020-05-16,"VU ligoninės Santaros klinikų laboratorija",216,0,209,0,7,0,NA,NA,14,0
2020-05-17,"Klaipėdos universitetinės ligoninės laboratorija",223,118,220,116,3,0,NA,NA,0,0
2020-05-17,"LSMU ligoninės Kauno klinikų laboratorija",640,287,637,287,3,0,NA,NA,0,0
2020-05-17,"Nacionalinė visuomenės sveikatos priežiūros laboratorija",385,163,385,163,0,0,NA,NA,71,41
2020-05-17,"Respublikinės Panevėžio ligoninės laboratorija",32,0,32,0,0,0,NA,NA,0,0
2020-05-17,"Respublikinės Šiaulių ligoninės laboratorija",205,90,205,90,0,0,NA,NA,0,0
2020-05-17,"UAB „Baltic Medics“",128,128,128,128,0,0,NA,NA,32,32
2020-05-17,"UAB „Diagnostikos laboratorija“ („Antėja“)",469,469,468,468,1,0,NA,NA,673,673
2020-05-17,"UAB „Medicina practica laboratorija“",22,0,22,0,0,0,NA,NA,4,0
2020-05-17,"VU ligoninės Santaros klinikų laboratorija",274,0,263,0,11,0,NA,NA,6,0
2020-05-18,"Klaipėdos universitetinės ligoninės laboratorija",527,132,524,132,3,0,NA,NA,0,0
2020-05-18,"LSMU ligoninės Kauno klinikų laboratorija",1330,230,1328,230,2,0,NA,NA,150,100
2020-05-18,"Nacionalinė visuomenės sveikatos priežiūros laboratorija",306,130,304,129,2,0,NA,NA,225,24
2020-05-18,"Nacionalinio maisto ir veterinarijos rizikos vertinimo instituto laboratorija",793,793,783,783,10,9,NA,NA,200,200
2020-05-18,"Nacionalinio vėžio instituto laboratorija",546,348,546,348,0,0,NA,NA,348,0
2020-05-18,"Respublikinės Panevėžio ligoninės laboratorija",57,0,57,0,0,0,NA,NA,0,0
2020-05-18,"Respublikinės Šiaulių ligoninės laboratorija",473,119,473,119,0,0,NA,NA,0,0
2020-05-18,"UAB „Baltic Medics“",273,272,273,272,0,0,NA,NA,0,0
2020-05-18,"UAB „Diagnostikos laboratorija“ („Antėja“)",842,795,842,795,0,0,NA,NA,365,111
2020-05-18,"UAB „Medicina practica laboratorija“",150,0,150,0,0,0,NA,NA,223,0
2020-05-18,"UAB „SK Impeks Medicinos diagnostikos centras“",24,0,24,0,0,0,NA,NA,0,0
2020-05-18,"VU Gyvybės mokslų centras",327,0,327,0,0,0,NA,NA,354,0
2020-05-18,"VU ligoninės Santaros klinikų laboratorija",848,0,828,0,20,0,NA,NA,12,0
2020-05-19,"Klaipėdos universitetinės ligoninės laboratorija",562,243,555,241,7,1,NA,NA,0,0
2020-05-19,"LSMU ligoninės Kauno klinikų laboratorija",1939,510,1936,510,3,0,NA,NA,0,0
2020-05-19,"Nacionalinė visuomenės sveikatos priežiūros laboratorija",599,109,590,109,9,0,NA,NA,250,0
2020-05-19,"Nacionalinio maisto ir veterinarijos rizikos vertinimo instituto laboratorija",622,621,619,618,3,2,NA,NA,200,200
2020-05-19,"Nacionalinio vėžio instituto laboratorija",534,289,532,289,2,0,NA,NA,186,0
2020-05-19,"Respublikinės Panevėžio ligoninės laboratorija",105,0,105,0,0,0,NA,NA,0,0
2020-05-19,"Respublikinės Šiaulių ligoninės laboratorija",832,166,831,0,1,0,NA,NA,176,0
2020-05-19,"UAB „Baltic Medics“",274,272,274,272,0,0,NA,NA,0,0
2020-05-19,"UAB „Diagnostikos laboratorija“ („Antėja“)",657,225,657,225,0,0,NA,NA,155,47
2020-05-19,"UAB „Medicina practica laboratorija“",328,40,328,40,0,0,NA,NA,151,0
2020-05-19,"VU Gyvybės mokslų centras",670,0,670,0,0,0,NA,NA,162,0
2020-05-19,"VU ligoninės Santaros klinikų laboratorija",858,0,844,0,14,0,NA,NA,4,0
2020-05-20,"Klaipėdos universitetinės ligoninės laboratorija",546,151,542,150,4,0,NA,NA,0,0
2020-05-20,"LSMU ligoninės Kauno klinikų laboratorija",1562,396,1560,395,2,1,NA,NA,70,50
2020-05-20,"Nacionalinė visuomenės sveikatos priežiūros laboratorija",603,45,600,45,3,0,NA,NA,245,57
2020-05-20,"Nacionalinio maisto ir veterinarijos rizikos vertinimo instituto laboratorija",744,556,736,549,8,7,NA,NA,133,133
2020-05-20,"Nacionalinio vėžio instituto laboratorija",541,80,541,80,0,0,NA,NA,19,0
2020-05-20,"Respublikinės Panevėžio ligoninės laboratorija",39,0,39,0,0,0,NA,NA,0,0
2020-05-20,"Respublikinės Šiaulių ligoninės laboratorija",1011,222,1011,222,0,0,NA,NA,0,0
2020-05-20,"UAB „Baltic Medics“",342,339,340,337,2,1,NA,NA,0,0
2020-05-20,"UAB „Diagnostikos laboratorija“ („Antėja“)",542,47,542,47,0,0,NA,NA,20,47
2020-05-20,"UAB „Medicina practica laboratorija“",491,170,490,169,1,1,NA,NA,58,0
2020-05-20,"UAB „SK Impeks Medicinos diagnostikos centras“",92,0,92,0,0,0,NA,NA,5,0
2020-05-20,"VU Gyvybės mokslų centras",162,0,162,0,0,0,NA,NA,0,0
2020-05-20,"VU ligoninės Santaros klinikų laboratorija",749,0,727,0,22,0,NA,NA,12,0
2020-05-21,"Klaipėdos universitetinės ligoninės laboratorija",463,149,460,148,3,1,NA,NA,0,0
2020-05-21,"LSMU ligoninės Kauno klinikų laboratorija",1393,379,1390,379,3,0,NA,NA,0,0
2020-05-21,"Nacionalinė visuomenės sveikatos priežiūros laboratorija",604,57,602,56,2,0,NA,NA,230,87
2020-05-21,"Nacionalinio maisto ir veterinarijos rizikos vertinimo instituto laboratorija",471,428,466,423,5,2,NA,NA,137,133
2020-05-21,"Nacionalinio vėžio instituto laboratorija",365,34,363,34,2,0,NA,NA,8,0
2020-05-21,"Respublikinės Panevėžio ligoninės laboratorija",80,0,80,0,0,0,NA,NA,0,0
2020-05-21,"Respublikinės Šiaulių ligoninės laboratorija",803,145,803,145,0,0,NA,NA,0,0
2020-05-21,"UAB „Baltic Medics“",241,186,241,186,0,0,NA,NA,0,0
2020-05-21,"UAB „Diagnostikos laboratorija“ („Antėja“)",324,59,324,59,0,0,NA,NA,0,0
2020-05-21,"UAB „Medicina practica laboratorija“",385,49,385,49,0,0,NA,NA,49,0
2020-05-21,"UAB „SK Impeks Medicinos diagnostikos centras“",56,0,56,30,0,0,NA,NA,3,0
2020-05-21,"VU ligoninės Santaros klinikų laboratorija",854,0,840,0,14,0,NA,NA,15,0
2020-05-22,"Klaipėdos universitetinės ligoninės laboratorija",425,163,418,159,7,0,NA,NA,0,0
2020-05-22,"LSMU ligoninės Kauno klinikų laboratorija",1442,342,1442,342,0,0,NA,NA,0,0
2020-05-22,"Nacionalinė visuomenės sveikatos priežiūros laboratorija",603,86,603,86,0,0,NA,NA,250,56
2020-05-22,"Nacionalinio maisto ir veterinarijos rizikos vertinimo instituto laboratorija",417,417,409,409,8,0,NA,NA,137,133
2020-05-22,"Nacionalinio vėžio instituto laboratorija",303,46,301,46,2,0,NA,NA,3,0
2020-05-22,"Respublikinės Panevėžio ligoninės laboratorija",72,0,72,0,0,0,NA,NA,0,0
2020-05-22,"Respublikinės Šiaulių ligoninės laboratorija",596,168,595,168,1,0,NA,NA,42,0
2020-05-22,"UAB „Baltic Medics“",232,222,232,222,0,0,NA,NA,0,0
2020-05-22,"UAB „Diagnostikos laboratorija“ („Antėja“)",375,5,375,5,0,0,NA,NA,90,25
2020-05-22,"UAB „Invitro diagnostika“",79,0,79,0,0,0,NA,NA,0,0
2020-05-22,"UAB „Medicina practica laboratorija“",327,107,327,107,0,0,NA,NA,63,0
2020-05-22,"UAB „SK Impeks Medicinos diagnostikos centras“",8,0,8,0,0,0,NA,NA,0,0
2020-05-22,"VU Gyvybės mokslų centras",0,0,0,0,0,0,NA,NA,0,0
2020-05-22,"VU ligoninės Santaros klinikų laboratorija",960,0,953,0,7,6,NA,NA,8,0
2020-05-24,"Klaipėdos universitetinės ligoninės laboratorija",275,142,273,141,2,0,NA,NA,0,0
2020-05-24,"LSMU ligoninės Kauno klinikų laboratorija",460,203,459,203,1,0,NA,NA,0,0
2020-05-24,"Nacionalinė visuomenės sveikatos priežiūros laboratorija",313,118,311,118,2,0,NA,NA,8,0
2020-05-24,"Nacionalinio maisto ir veterinarijos rizikos vertinimo instituto laboratorija",480,480,476,476,4,1,NA,NA,125,125
2020-05-24,"Respublikinės Panevėžio ligoninės laboratorija",37,0,37,0,0,0,NA,NA,0,0
2020-05-24,"Respublikinės Šiaulių ligoninės laboratorija",153,0,153,0,0,0,NA,NA,0,0
2020-05-24,"UAB „Medicina practica laboratorija“",182,49,182,49,0,0,NA,NA,17,0
2020-05-24,"VU ligoninės Santaros klinikų laboratorija",270,0,263,0,7,0,NA,NA,3,0
2020-05-25,"Klaipėdos universitetinės ligoninės laboratorija",419,153,415,151,4,0,NA,NA,0,0
2020-05-25,"LSMU ligoninės Kauno klinikų laboratorija",1440,309,1440,309,0,0,NA,NA,91,50
2020-05-25,"Nacionalinė visuomenės sveikatos priežiūros laboratorija",246,0,245,0,1,0,NA,NA,229,0
2020-05-25,"Nacionalinio maisto ir veterinarijos rizikos vertinimo instituto laboratorija",456,456,452,452,4,3,NA,NA,125,125
2020-05-25,"Nacionalinio vėžio instituto laboratorija",357,38,357,38,0,0,NA,NA,4,2
2020-05-25,"Respublikinės Panevėžio ligoninės laboratorija",69,0,69,0,0,0,NA,NA,0,0
2020-05-25,"Respublikinės Šiaulių ligoninės laboratorija",503,15,503,15,0,0,NA,NA,0,0
2020-05-25,"UAB „Baltic Medics“",55,54,55,54,0,0,NA,NA,0,0
2020-05-25,"UAB „Diagnostikos laboratorija“ („Antėja“)",154,38,154,38,0,0,NA,NA,253,40
2020-05-25,"UAB „Medicina practica laboratorija“",117,23,117,23,0,0,NA,NA,38,0
2020-05-25,"UAB „SK Impeks Medicinos diagnostikos centras“",24,0,24,0,0,0,NA,NA,0,0
2020-05-25,"VU Gyvybės mokslų centras",369,0,369,0,0,0,NA,NA,357,0
2020-05-25,"VU ligoninės Santaros klinikų laboratorija",960,0,944,0,16,0,NA,NA,9,0
2020-05-26,"Klaipėdos universitetinės ligoninės laboratorija",439,159,433,156,6,0,NA,NA,0,0
2020-05-26,"LSMU ligoninės Kauno klinikų laboratorija",1425,393,1422,393,3,0,NA,NA,0,0
2020-05-26,"Nacionalinė visuomenės sveikatos priežiūros laboratorija",561,181,561,181,0,0,NA,NA,229,0
2020-05-26,"Nacionalinio maisto ir veterinarijos rizikos vertinimo instituto laboratorija",424,424,420,420,4,4,NA,NA,186,186
2020-05-26,"Nacionalinio vėžio instituto laboratorija",432,42,432,42,0,0,NA,NA,5,1
2020-05-26,"Respublikinės Panevėžio ligoninės laboratorija",30,0,30,0,0,0,NA,NA,0,0
2020-05-26,"Respublikinės Šiaulių ligoninės laboratorija",578,164,578,164,0,0,NA,NA,216,46
2020-05-26,"UAB „Baltic Medics“",46,45,46,45,0,0,NA,NA,0,0
2020-05-26,"UAB „Diagnostikos laboratorija“ („Antėja“)",376,48,375,48,1,0,NA,NA,259,44
2020-05-26,"UAB „Medicina practica laboratorija“",335,110,335,110,0,0,NA,NA,78,0
2020-05-26,"UAB „SK Impeks Medicinos diagnostikos centras“",24,0,24,0,0,0,NA,NA,0,0
2020-05-26,"VU Gyvybės mokslų centras",618,0,618,0,0,0,NA,NA,233,0
2020-05-26,"VU ligoninės Santaros klinikų laboratorija",886,0,869,0,17,0,NA,NA,4,0
2020-05-27,"Klaipėdos universitetinės ligoninės laboratorija",468,205,465,203,3,0,NA,NA,0,0
2020-05-27,"LSMU ligoninės Kauno klinikų laboratorija",1587,386,1586,386,1,0,NA,NA,0,0
2020-05-27,"Nacionalinė visuomenės sveikatos priežiūros laboratorija",594,0,587,0,7,0,NA,NA,45,0
2020-05-27,"Nacionalinio maisto ir veterinarijos rizikos vertinimo instituto laboratorija",635,407,630,405,5,0,NA,NA,150,150
2020-05-27,"Nacionalinio vėžio instituto laboratorija",364,31,364,31,0,0,NA,NA,28,0
2020-05-27,"Respublikinės Panevėžio ligoninės laboratorija",75,0,75,0,0,0,NA,NA,0,0
2020-05-27,"Respublikinės Šiaulių ligoninės laboratorija",924,295,924,295,0,0,NA,NA,0,0
2020-05-27,"UAB „Baltic Medics“",58,43,58,43,0,0,NA,NA,0,0
2020-05-27,"UAB „Diagnostikos laboratorija“ („Antėja“)",372,51,372,51,0,0,NA,NA,386,43
2020-05-27,"UAB „Invitro diagnostika“",67,49,67,49,0,0,NA,NA,0,0
2020-05-27,"UAB „Medicina practica laboratorija“",351,100,351,100,0,0,NA,NA,69,0
2020-05-27,"UAB „SK Impeks Medicinos diagnostikos centras“",92,0,92,0,0,0,NA,NA,0,0
2020-05-27,"VU Gyvybės mokslų centras",233,0,233,0,0,0,NA,NA,0,0
2020-05-27,"VU ligoninės Santaros klinikų laboratorija",930,0,923,0,7,0,NA,NA,0,0
2020-05-28,"Klaipėdos universitetinės ligoninės laboratorija",431,169,424,168,7,0,NA,NA,0,0
2020-05-28,"LSMU ligoninės Kauno klinikų laboratorija",1369,127,1366,127,3,0,NA,NA,56,56
2020-05-28,"Nacionalinė visuomenės sveikatos priežiūros laboratorija",503,0,502,0,1,0,NA,NA,40,0
2020-05-28,"Nacionalinio maisto ir veterinarijos rizikos vertinimo instituto laboratorija",372,372,366,366,6,1,NA,NA,80,80
2020-05-28,"Nacionalinio vėžio instituto laboratorija",452,38,452,38,0,0,NA,NA,98,0
2020-05-28,"Respublikinės Panevėžio ligoninės laboratorija",142,0,140,0,2,0,NA,NA,0,0
2020-05-28,"Respublikinės Šiaulių ligoninės laboratorija",916,218,915,218,1,0,NA,NA,0,0
2020-05-28,"UAB „Baltic Medics“",103,45,103,45,0,0,NA,NA,0,0
2020-05-28,"UAB „Diagnostikos laboratorija“ („Antėja“)",463,43,463,43,0,0,NA,NA,354,17
2020-05-28,"UAB „Invitro diagnostika“",90,77,89,76,1,1,NA,NA,0,0
2020-05-28,"UAB „Medicina practica laboratorija“",406,118,406,118,0,0,NA,NA,208,0
2020-05-28,"UAB „SK Impeks Medicinos diagnostikos centras“",58,0,58,0,0,0,NA,NA,44,0
2020-05-28,"VU ligoninės Santaros klinikų laboratorija",804,0,798,0,6,0,NA,NA,13,0
2020-05-29,"Klaipėdos universitetinės ligoninės laboratorija",428,148,421,146,7,1,NA,NA,12,12
2020-05-29,"LSMU ligoninės Kauno klinikų laboratorija",1404,191,1404,191,0,0,NA,NA,80,50
2020-05-29,"Nacionalinė visuomenės sveikatos priežiūros laboratorija",319,14,317,14,2,0,NA,NA,45,0
2020-05-29,"Nacionalinio maisto ir veterinarijos rizikos vertinimo instituto laboratorija",273,273,267,267,6,4,NA,NA,75,75
2020-05-29,"Nacionalinio vėžio instituto laboratorija",392,40,392,40,0,0,NA,NA,2,0
2020-05-29,"Respublikinės Panevėžio ligoninės laboratorija",230,0,230,0,0,0,NA,NA,0,0
2020-05-29,"Respublikinės Šiaulių ligoninės laboratorija",390,75,390,75,0,0,NA,NA,10,0
2020-05-29,"UAB „Baltic Medics“",46,46,46,46,0,0,NA,NA,0,0
2020-05-29,"UAB „Diagnostikos laboratorija“ („Antėja“)",464,27,464,27,0,0,NA,NA,529,36
2020-05-29,"UAB „Invitro diagnostika“",63,58,63,58,0,0,NA,NA,125,47
2020-05-29,"UAB „Medicina practica laboratorija“",484,45,484,45,0,0,NA,NA,55,0
2020-05-29,"UAB „SK Impeks Medicinos diagnostikos centras“",82,0,82,0,0,0,NA,NA,1,0
2020-05-29,"VU Gyvybės mokslų centras",0,0,0,0,0,0,NA,NA,0,0
2020-05-29,"VU ligoninės Santaros klinikų laboratorija",762,0,752,0,10,0,NA,NA,12,0
2020-05-30,"Klaipėdos universitetinės ligoninės laboratorija",323,202,320,199,3,0,NA,NA,12,12
2020-05-30,"LSMU ligoninės Kauno klinikų laboratorija",594,247,592,245,2,2,NA,NA,0,0
2020-05-30,"Nacionalinė visuomenės sveikatos priežiūros laboratorija",580,0,579,0,1,0,NA,NA,50,0
2020-05-30,"Nacionalinio maisto ir veterinarijos rizikos vertinimo instituto laboratorija",261,261,261,261,0,0,NA,NA,180,180
2020-05-30,"Nacionalinio vėžio instituto laboratorija",38,0,38,0,0,0,NA,NA,0,0
2020-05-30,"Respublikinės Panevėžio ligoninės laboratorija",57,0,57,0,0,0,NA,NA,0,0
2020-05-30,"Respublikinės Šiaulių ligoninės laboratorija",263,115,263,115,0,0,NA,NA,12,0
2020-05-30,"UAB „Diagnostikos laboratorija“ („Antėja“)",561,69,561,69,0,0,NA,NA,29,11
2020-05-30,"UAB „Invitro diagnostika“",198,47,197,46,1,1,NA,NA,0,0
2020-05-30,"UAB „Medicina practica laboratorija“",236,103,236,103,0,0,NA,NA,0,0
2020-05-30,"VU ligoninės Santaros klinikų laboratorija",320,0,314,0,6,0,NA,NA,15,0
2020-05-31,"Klaipėdos universitetinės ligoninės laboratorija",295,159,291,156,4,0,NA,NA,12,12
2020-05-31,"LSMU ligoninės Kauno klinikų laboratorija",495,214,494,214,1,0,NA,NA,0,0
2020-05-31,"Nacionalinė visuomenės sveikatos priežiūros laboratorija",122,84,121,83,1,1,NA,NA,55,15
2020-05-31,"Nacionalinio maisto ir veterinarijos rizikos vertinimo instituto laboratorija",369,369,367,367,2,2,NA,NA,107,107
2020-05-31,"Respublikinės Panevėžio ligoninės laboratorija",42,0,42,0,0,0,NA,NA,0,0
2020-05-31,"Respublikinės Šiaulių ligoninės laboratorija",270,77,270,77,0,0,NA,NA,0,0
2020-05-31,"UAB „Diagnostikos laboratorija“ („Antėja“)",29,11,29,11,0,0,NA,NA,0,0
2020-05-31,"UAB „Medicina practica laboratorija“",68,65,68,65,0,0,NA,NA,17,17
2020-05-31,"VU ligoninės Santaros klinikų laboratorija",305,0,303,0,2,0,NA,NA,0,0
2020-06-01,"Klaipėdos universitetinės ligoninės laboratorija",562,180,560,180,2,0,NA,NA,0,0
2020-06-01,"LSMU ligoninės Kauno klinikų laboratorija",1362,292,1360,291,2,1,NA,NA,0,0
2020-06-01,"Nacionalinė visuomenės sveikatos priežiūros laboratorija",211,163,210,162,1,0,NA,NA,50,0
2020-06-01,"Nacionalinio maisto ir veterinarijos rizikos vertinimo instituto laboratorija",465,429,461,425,4,2,NA,NA,140,140
2020-06-01,"Nacionalinio vėžio instituto laboratorija",362,40,362,40,0,0,NA,NA,0,0
2020-06-01,"Respublikinės Panevėžio ligoninės laboratorija",101,0,101,0,0,0,NA,NA,0,0
2020-06-01,"Respublikinės Šiaulių ligoninės laboratorija",559,109,558,109,1,0,NA,NA,0,0
2020-06-01,"UAB „Baltic Medics“",49,48,49,48,0,0,NA,NA,0,0
2020-06-01,"UAB „Diagnostikos laboratorija“ („Antėja“)",146,44,146,44,0,0,NA,NA,562,34
2020-06-01,"UAB „Medicina practica laboratorija“",124,51,124,51,0,0,NA,NA,54,54
2020-06-01,"UAB „SK Impeks Medicinos diagnostikos centras“",28,0,28,0,0,0,NA,NA,0,0
2020-06-01,"VU ligoninės Santaros klinikų laboratorija",902,0,889,0,13,0,NA,NA,9,0
2020-06-02,"Klaipėdos universitetinės ligoninės laboratorija",466,226,464,225,2,0,NA,NA,0,0
2020-06-02,"LSMU ligoninės Kauno klinikų laboratorija",1215,208,1215,208,0,0,NA,NA,22,22
2020-06-02,"Nacionalinė visuomenės sveikatos priežiūros laboratorija",506,0,506,0,0,0,NA,NA,45,0
2020-06-02,"Nacionalinio maisto ir veterinarijos rizikos vertinimo instituto laboratorija",372,372,369,369,3,2,NA,NA,260,260
2020-06-02,"Nacionalinio vėžio instituto laboratorija",276,37,276,37,0,0,NA,NA,5,3
2020-06-02,"Respublikinės Panevėžio ligoninės laboratorija",75,0,75,0,0,0,NA,NA,0,0
2020-06-02,"Respublikinės Šiaulių ligoninės laboratorija",550,111,550,111,0,0,NA,NA,0,0
2020-06-02,"UAB „Baltic Medics“",49,45,49,45,0,0,NA,NA,0,0
2020-06-02,"UAB „Diagnostikos laboratorija“ („Antėja“)",657,57,657,57,0,0,NA,NA,666,43
2020-06-02,"UAB „Invitro diagnostika“",49,45,48,44,1,0,NA,NA,0,0
2020-06-02,"UAB „Medicina practica laboratorija“",249,147,249,147,0,0,NA,NA,62,62
2020-06-02,"UAB „SK Impeks Medicinos diagnostikos centras“",23,0,23,0,0,0,NA,NA,0,0
2020-06-02,"VU ligoninės Santaros klinikų laboratorija",900,0,890,0,10,0,NA,NA,7,0
2020-06-03,"Klaipėdos universitetinės ligoninės laboratorija",432,159,429,157,3,1,NA,NA,0,0
2020-06-03,"LSMU ligoninės Kauno klinikų laboratorija",1348,235,1345,235,3,0,NA,NA,0,0
2020-06-03,"Nacionalinė visuomenės sveikatos priežiūros laboratorija",518,33,517,33,1,0,NA,NA,45,0
2020-06-03,"Nacionalinio maisto ir veterinarijos rizikos vertinimo instituto laboratorija",744,420,737,413,7,5,NA,NA,60,60
2020-06-03,"Nacionalinio vėžio instituto laboratorija",176,43,175,43,1,0,NA,NA,2,0
2020-06-03,"Respublikinės Panevėžio ligoninės laboratorija",122,0,122,0,0,0,NA,NA,0,0
2020-06-03,"Respublikinės Šiaulių ligoninės laboratorija",436,76,436,76,0,0,NA,NA,0,0
2020-06-03,"UAB „Baltic Medics“",76,47,76,47,0,0,NA,NA,0,0
2020-06-03,"UAB „Diagnostikos laboratorija“ („Antėja“)",592,43,592,43,0,0,NA,NA,451,43
2020-06-03,"UAB „Invitro diagnostika“",222,49,222,49,0,0,NA,NA,0,0
2020-06-03,"UAB „Medicina practica laboratorija“",268,64,268,64,0,0,NA,NA,26,26
2020-06-03,"UAB „SK Impeks Medicinos diagnostikos centras“",70,0,70,0,0,0,NA,NA,60,0
2020-06-03,"VU ligoninės Santaros klinikų laboratorija",924,0,917,0,7,0,NA,NA,3,0
2020-06-04,"Klaipėdos universitetinės ligoninės laboratorija",304,103,299,99,5,3,NA,NA,0,0
2020-06-04,"LSMU ligoninės Kauno klinikų laboratorija",1146,305,1144,304,2,0,NA,NA,0,0
2020-06-04,"Nacionalinė visuomenės sveikatos priežiūros laboratorija",510,0,507,0,3,0,NA,NA,50,0
2020-06-04,"Nacionalinio maisto ir veterinarijos rizikos vertinimo instituto laboratorija",377,377,371,371,6,2,NA,NA,246,246
2020-06-04,"Nacionalinio vėžio instituto laboratorija",331,40,331,40,0,0,NA,NA,2,0
2020-06-04,"Respublikinės Panevėžio ligoninės laboratorija",138,0,138,0,0,0,NA,NA,0,0
2020-06-04,"Respublikinės Šiaulių ligoninės laboratorija",496,33,495,32,1,1,NA,NA,0,0
2020-06-04,"UAB „Baltic Medics“",88,41,87,40,1,0,NA,NA,0,0
2020-06-04,"UAB „Diagnostikos laboratorija“ („Antėja“)",562,43,562,43,0,0,NA,NA,239,11
2020-06-04,"UAB „Invitro diagnostika“",92,81,92,81,0,0,NA,NA,0,0
2020-06-04,"UAB „Medicina practica laboratorija“",264,60,264,60,0,0,NA,NA,48,10
2020-06-04,"UAB „SK Impeks Medicinos diagnostikos centras“",81,0,81,0,0,0,NA,NA,10,0
2020-06-04,"VU ligoninės Santaros klinikų laboratorija",865,0,861,0,4,0,NA,NA,1,0
2020-06-07,"Klaipėdos universitetinės ligoninės laboratorija",166,65,165,64,1,1,NA,NA,0,0
2020-06-07,"LSMU ligoninės Kauno klinikų laboratorija",500,159,499,159,1,0,NA,NA,0,0
2020-06-07,"Nacionalinė visuomenės sveikatos priežiūros laboratorija",561,71,559,69,2,2,NA,NA,40,0
2020-06-07,"Nacionalinio maisto ir veterinarijos rizikos vertinimo instituto laboratorija",465,465,462,462,3,2,NA,NA,217,217
2020-06-07,"Respublikinės Panevėžio ligoninės laboratorija",60,0,60,0,0,0,NA,NA,0,0
2020-06-07,"Respublikinės Šiaulių ligoninės laboratorija",172,0,172,0,0,0,NA,NA,0,0
2020-06-07,"UAB „Medicina practica laboratorija“",44,40,43,39,1,1,NA,NA,0,0
2020-06-07,"VU ligoninės Santaros klinikų laboratorija",285,0,284,0,1,0,NA,NA,16,0
2020-06-08,"Klaipėdos universitetinės ligoninės laboratorija",436,153,433,153,3,0,NA,NA,0,0
2020-06-08,"LSMU ligoninės Kauno klinikų laboratorija",1051,213,1050,213,1,0,NA,NA,40,40
2020-06-08,"Nacionalinė visuomenės sveikatos priežiūros laboratorija",228,150,228,150,0,0,NA,NA,50,0
2020-06-08,"Nacionalinio maisto ir veterinarijos rizikos vertinimo instituto laboratorija",450,450,442,442,8,4,NA,NA,32,32
2020-06-08,"Nacionalinio vėžio instituto laboratorija",338,40,338,40,0,0,NA,NA,0,0
2020-06-08,"Respublikinės Šiaulių ligoninės laboratorija",511,90,511,90,0,0,NA,NA,0,0
2020-06-08,"UAB „Baltic Medics“",50,50,50,50,0,0,NA,NA,0,0
2020-06-08,"UAB „Diagnostikos laboratorija“ („Antėja“)",242,85,242,85,0,0,NA,NA,470,41
2020-06-08,"UAB „Medicina practica laboratorija“",181,55,181,55,0,0,NA,NA,0,0
2020-06-08,"UAB „SK Impeks Medicinos diagnostikos centras“",10,0,10,0,0,0,NA,NA,4,0
2020-06-08,"VU ligoninės Santaros klinikų laboratorija",890,0,881,0,9,0,NA,NA,4,0
2020-06-09,"Klaipėdos universitetinės ligoninės laboratorija",371,122,369,122,2,0,NA,NA,0,0
2020-06-09,"LSMU ligoninės Kauno klinikų laboratorija",1233,392,1230,390,3,2,NA,NA,0,0
2020-06-09,"Nacionalinė visuomenės sveikatos priežiūros laboratorija",509,0,507,0,2,0,NA,NA,49,0
2020-06-09,"Nacionalinio maisto ir veterinarijos rizikos vertinimo instituto laboratorija",558,440,552,434,6,6,NA,NA,66,66
2020-06-09,"Nacionalinio vėžio instituto laboratorija",320,32,319,31,1,1,NA,NA,54,0
2020-06-09,"Respublikinės Panevėžio ligoninės laboratorija",188,0,188,0,0,0,NA,NA,0,0
2020-06-09,"Respublikinės Šiaulių ligoninės laboratorija",422,0,420,0,2,0,NA,NA,0,0
2020-06-09,"UAB „Baltic Medics“",79,40,78,40,1,0,NA,NA,0,0
2020-06-09,"UAB „Diagnostikos laboratorija“ („Antėja“)",562,129,562,129,0,0,NA,NA,495,25
2020-06-09,"UAB „Invitro diagnostika“",69,42,69,42,0,0,NA,NA,0,0
2020-06-09,"UAB „Medicina practica laboratorija“",104,37,104,37,0,0,NA,NA,50,0
2020-06-09,"UAB „SK Impeks Medicinos diagnostikos centras“",27,0,27,0,0,0,NA,NA,4,0
2020-06-09,"VU ligoninės Santaros klinikų laboratorija",877,0,865,0,12,0,NA,NA,5,0
2020-06-10,"Klaipėdos universitetinės ligoninės laboratorija",508,164,508,164,0,0,NA,NA,0,0
2020-06-10,"LSMU ligoninės Kauno klinikų laboratorija",1139,274,1138,274,1,0,NA,NA,0,0
2020-06-10,"Nacionalinė visuomenės sveikatos priežiūros laboratorija",516,0,515,0,1,0,NA,NA,40,0
2020-06-10,"Nacionalinio maisto ir veterinarijos rizikos vertinimo instituto laboratorija",452,417,451,416,1,0,NA,NA,50,50
2020-06-10,"Nacionalinio vėžio instituto laboratorija",276,21,276,21,0,1,NA,NA,6,0
2020-06-10,"Respublikinės Panevėžio ligoninės laboratorija",95,0,95,0,0,0,NA,NA,0,0
2020-06-10,"Respublikinės Šiaulių ligoninės laboratorija",560,75,560,75,0,0,NA,NA,0,0
2020-06-10,"UAB „Baltic Medics“",97,62,97,62,0,0,NA,NA,0,0
2020-06-10,"UAB „Diagnostikos laboratorija“ („Antėja“)",563,26,563,26,0,0,NA,NA,207,31
2020-06-10,"UAB „Invitro diagnostika“",235,31,234,31,1,0,NA,NA,0,0
2020-06-10,"UAB „Medicina practica laboratorija“",154,77,154,77,0,0,NA,NA,97,2
2020-06-10,"UAB „SK Impeks Medicinos diagnostikos centras“",72,0,71,0,1,0,NA,NA,35,0
2020-06-10,"VU ligoninės Santaros klinikų laboratorija",729,0,725,0,4,0,NA,NA,5,0
2020-06-11,"Klaipėdos universitetinės ligoninės laboratorija",397,71,396,71,1,0,NA,NA,0,0
2020-06-11,"LSMU ligoninės Kauno klinikų laboratorija",1146,200,1143,200,3,0,NA,NA,0,0
2020-06-11,"Nacionalinė visuomenės sveikatos priežiūros laboratorija",524,0,523,0,1,0,NA,NA,50,0
2020-06-11,"Nacionalinio maisto ir veterinarijos rizikos vertinimo instituto laboratorija",465,465,461,461,4,3,NA,NA,13,13
2020-06-11,"Nacionalinio vėžio instituto laboratorija",361,12,361,12,0,0,NA,NA,20,0
2020-06-11,"Respublikinės Panevėžio ligoninės laboratorija",120,0,120,0,0,0,NA,NA,0,0
2020-06-11,"Respublikinės Šiaulių ligoninės laboratorija",382,92,382,92,0,0,NA,NA,0,0
2020-06-11,"UAB „Baltic Medics“",66,11,66,11,0,0,NA,NA,0,0
2020-06-11,"UAB „Diagnostikos laboratorija“ („Antėja“)",382,58,382,58,0,0,NA,NA,166,0
2020-06-11,"UAB „Invitro diagnostika“",211,48,210,47,1,1,NA,NA,0,0
2020-06-11,"UAB „Medicina practica laboratorija“",188,37,188,37,0,0,NA,NA,66,5
2020-06-11,"UAB „SK Impeks Medicinos diagnostikos centras“",83,0,83,0,0,0,NA,NA,20,0
2020-06-11,"VU ligoninės Santaros klinikų laboratorija",949,0,944,0,5,0,NA,NA,9,0
2020-06-12,"Klaipėdos universitetinės ligoninės laboratorija",395,126,394,126,1,0,NA,NA,0,0
2020-06-12,"LSMU ligoninės Kauno klinikų laboratorija",1149,172,1149,172,0,0,NA,NA,0,0
2020-06-12,"Nacionalinė visuomenės sveikatos priežiūros laboratorija",506,12,505,12,1,0,NA,NA,50,0
2020-06-12,"Nacionalinio maisto ir veterinarijos rizikos vertinimo instituto laboratorija",279,279,275,275,4,3,NA,NA,407,407
2020-06-12,"Nacionalinio vėžio instituto laboratorija",338,12,338,12,0,0,NA,NA,3,0
2020-06-12,"Respublikinės Panevėžio ligoninės laboratorija",172,0,172,0,0,0,NA,NA,0,0
2020-06-12,"Respublikinės Šiaulių ligoninės laboratorija",221,27,221,27,0,0,NA,NA,19,0
2020-06-12,"UAB „Baltic Medics“",9,9,8,8,1,1,NA,NA,0,0
2020-06-12,"UAB „Diagnostikos laboratorija“ („Antėja“)",450,9,450,9,0,0,NA,NA,4,0
2020-06-12,"UAB „Invitro diagnostika“",113,65,113,65,0,0,NA,NA,1,1
2020-06-12,"UAB „Medicina practica laboratorija“",254,48,254,48,0,0,NA,NA,0,0
2020-06-12,"UAB „SK Impeks Medicinos diagnostikos centras“",31,0,31,0,0,0,NA,NA,0,0
2020-06-12,"VU ligoninės Santaros klinikų laboratorija",691,0,688,0,3,0,NA,NA,0,0
2020-06-13,"Klaipėdos universitetinės ligoninės laboratorija",220,139,220,139,0,0,NA,NA,0,0
2020-06-13,"LSMU ligoninės Kauno klinikų laboratorija",565,228,562,228,3,0,NA,NA,0,0
2020-06-13,"Nacionalinė visuomenės sveikatos priežiūros laboratorija",509,0,508,0,1,0,NA,NA,50,0
2020-06-13,"Nacionalinio maisto ir veterinarijos rizikos vertinimo instituto laboratorija",642,397,637,392,5,4,NA,NA,39,39
2020-06-13,"Nacionalinio vėžio instituto laboratorija",28,0,28,0,0,0,NA,NA,0,0
2020-06-13,"Respublikinės Panevėžio ligoninės laboratorija",78,0,78,0,0,0,NA,NA,0,0
2020-06-13,"Respublikinės Šiaulių ligoninės laboratorija",209,77,209,77,0,0,NA,NA,15,0
2020-06-13,"UAB „Baltic Medics“",73,45,73,45,0,0,NA,NA,0,0
2020-06-13,"UAB „Diagnostikos laboratorija“ („Antėja“)",51,39,51,39,0,0,NA,NA,0,0
2020-06-13,"UAB „Invitro diagnostika“",113,65,113,65,0,0,NA,NA,1,1
2020-06-13,"UAB „Medicina practica laboratorija“",86,81,86,81,0,0,NA,NA,0,0
2020-06-13,"UAB „SK Impeks Medicinos diagnostikos centras“",0,0,0,0,0,0,NA,NA,0,0
2020-06-13,"VU Gyvybės mokslų centras",0,0,0,0,0,0,NA,NA,0,0
2020-06-13,"VU ligoninės Santaros klinikų laboratorija",284,0,277,0,7,0,NA,NA,0,0
2020-06-14,"Klaipėdos universitetinės ligoninės laboratorija",186,96,186,96,0,0,NA,NA,0,0
2020-06-14,"LSMU ligoninės Kauno klinikų laboratorija",539,222,539,222,0,0,NA,NA,0,0
2020-06-14,"Nacionalinė visuomenės sveikatos priežiūros laboratorija",94,47,94,47,0,0,NA,NA,50,0
2020-06-14,"Nacionalinio maisto ir veterinarijos rizikos vertinimo instituto laboratorija",278,278,275,275,3,3,NA,NA,81,81
2020-06-14,"Respublikinės Panevėžio ligoninės laboratorija",46,0,46,0,0,0,NA,NA,0,0
2020-06-14,"Respublikinės Šiaulių ligoninės laboratorija",153,0,153,0,0,0,NA,NA,0,0
2020-06-14,"UAB „Medicina practica laboratorija“",49,48,49,48,0,0,NA,NA,0,0
2020-06-14,"VU ligoninės Santaros klinikų laboratorija",263,0,260,0,3,0,NA,NA,8,0
2020-06-15,"Klaipėdos universitetinės ligoninės laboratorija",503,187,503,187,0,0,NA,NA,0,0
2020-06-15,"LSMU ligoninės Kauno klinikų laboratorija",1118,257,1116,256,2,1,NA,NA,50,50
2020-06-15,"Nacionalinė visuomenės sveikatos priežiūros laboratorija",71,46,71,46,0,0,NA,NA,50,0
2020-06-15,"Nacionalinio maisto ir veterinarijos rizikos vertinimo instituto laboratorija",465,465,462,462,3,1,NA,NA,280,280
2020-06-15,"Nacionalinio vėžio instituto laboratorija",314,37,314,37,0,0,NA,NA,9,0
2020-06-15,"Respublikinės Panevėžio ligoninės laboratorija",103,0,103,0,0,0,NA,NA,0,0
2020-06-15,"Respublikinės Šiaulių ligoninės laboratorija",468,100,466,100,2,0,NA,NA,0,0
2020-06-15,"UAB „Baltic Medics“",45,44,45,44,0,0,NA,NA,0,0
2020-06-15,"UAB „Diagnostikos laboratorija“ („Antėja“)",135,42,134,42,1,0,NA,NA,486,48
2020-06-15,"UAB „Medicina practica laboratorija“",103,41,103,41,0,0,NA,NA,124,31
2020-06-15,"UAB „SK Impeks Medicinos diagnostikos centras“",23,0,23,0,0,0,NA,NA,0,0
2020-06-15,"VU ligoninės Santaros klinikų laboratorija",1062,0,1054,0,8,0,NA,NA,9,0
2020-06-16,"Klaipėdos universitetinės ligoninės laboratorija",460,189,460,189,0,0,NA,NA,0,0
2020-06-16,"LSMU ligoninės Kauno klinikų laboratorija",1406,446,1403,443,3,1,NA,NA,50,50
2020-06-16,"Nacionalinė visuomenės sveikatos priežiūros laboratorija",500,106,500,106,0,0,NA,NA,45,0
2020-06-16,"Nacionalinio maisto ir veterinarijos rizikos vertinimo instituto laboratorija",743,435,735,428,8,4,NA,NA,21,21
2020-06-16,"Nacionalinio vėžio instituto laboratorija",215,40,215,40,0,0,NA,NA,34,0
2020-06-16,"Respublikinės Panevėžio ligoninės laboratorija",67,0,67,0,0,0,NA,NA,0,0
2020-06-16,"Respublikinės Šiaulių ligoninės laboratorija",463,79,462,79,1,0,NA,NA,0,0
2020-06-16,"UAB „Baltic Medics“",69,45,69,45,0,0,NA,NA,0,0
2020-06-16,"UAB „Diagnostikos laboratorija“ („Antėja“)",660,75,660,75,0,0,NA,NA,498,26
2020-06-16,"UAB „Invitro diagnostika“",143,30,143,30,0,0,NA,NA,0,0
2020-06-16,"UAB „Medicina practica laboratorija“",239,73,239,73,0,0,NA,NA,85,15
2020-06-16,"UAB „SK Impeks Medicinos diagnostikos centras“",27,0,27,0,0,0,NA,NA,0,0
2020-06-16,"VU ligoninės Santaros klinikų laboratorija",1034,0,1025,0,9,0,NA,NA,0,0
2020-06-17,"Klaipėdos universitetinės ligoninės laboratorija",445,117,444,117,1,0,NA,NA,0,0
2020-06-17,"LSMU ligoninės Kauno klinikų laboratorija",1139,326,1138,326,1,0,NA,NA,0,0
2020-06-17,"Nacionalinė visuomenės sveikatos priežiūros laboratorija",515,4,515,4,0,0,NA,NA,40,0
2020-06-17,"Nacionalinio maisto ir veterinarijos rizikos vertinimo instituto laboratorija",651,454,637,440,14,4,NA,NA,240,240
2020-06-17,"Nacionalinio vėžio instituto laboratorija",261,40,261,40,0,0,NA,NA,32,0
2020-06-17,"Respublikinės Panevėžio ligoninės laboratorija",82,0,82,0,0,0,NA,NA,0,0
2020-06-17,"Respublikinės Šiaulių ligoninės laboratorija",497,78,497,78,0,0,NA,NA,0,0
2020-06-17,"UAB „Baltic Medics“",79,46,79,46,0,0,NA,NA,0,0
2020-06-17,"UAB „Diagnostikos laboratorija“ („Antėja“)",667,36,667,36,0,0,NA,NA,122,22
2020-06-17,"UAB „Invitro diagnostika“",204,31,204,31,0,0,NA,NA,0,0
2020-06-17,"UAB „Medicina practica laboratorija“",281,72,279,72,2,0,NA,NA,40,19
2020-06-17,"UAB „SK Impeks Medicinos diagnostikos centras“",84,0,84,0,0,0,NA,NA,27,0
2020-06-17,"VU ligoninės Santaros klinikų laboratorija",748,0,742,0,6,0,NA,NA,3,0
2020-06-18,"Klaipėdos universitetinės ligoninės laboratorija",413,167,412,166,1,0,NA,NA,0,0
2020-06-18,"LSMU ligoninės Kauno klinikų laboratorija",1065,150,1065,150,0,0,NA,NA,0,0
2020-06-18,"Nacionalinė visuomenės sveikatos priežiūros laboratorija",505,0,505,0,0,0,NA,NA,45,0
2020-06-18,"Nacionalinio maisto ir veterinarijos rizikos vertinimo instituto laboratorija",650,358,640,353,10,0,NA,NA,177,240
2020-06-18,"Nacionalinio vėžio instituto laboratorija",104,0,104,0,0,0,NA,NA,0,0
2020-06-18,"Respublikinės Panevėžio ligoninės laboratorija",84,0,84,0,0,0,NA,NA,0,0
2020-06-18,"Respublikinės Šiaulių ligoninės laboratorija",384,77,382,75,2,2,NA,NA,0,0
2020-06-18,"UAB „Baltic Medics“",46,15,46,15,0,0,NA,NA,0,0
2020-06-18,"UAB „Diagnostikos laboratorija“ („Antėja“)",370,45,370,45,0,0,NA,NA,62,0
2020-06-18,"UAB „Invitro diagnostika“",72,53,72,53,0,0,NA,NA,0,0
2020-06-18,"UAB „Medicina practica laboratorija“",189,56,189,56,0,0,NA,NA,39,12
2020-06-18,"UAB „SK Impeks Medicinos diagnostikos centras“",84,0,84,0,0,0,NA,NA,34,0
2020-06-18,"VU ligoninės Santaros klinikų laboratorija",1003,0,996,0,7,0,NA,NA,5,0
2020-06-20,"Klaipėdos universitetinės ligoninės laboratorija",239,145,238,144,1,0,NA,NA,0,0
2020-06-20,"LSMU ligoninės Kauno klinikų laboratorija",508,278,508,278,0,0,NA,NA,0,0
2020-06-20,"Nacionalinė visuomenės sveikatos priežiūros laboratorija",420,0,418,0,2,0,NA,NA,50,0
2020-06-20,"Nacionalinio vėžio instituto laboratorija",27,0,27,0,0,0,NA,NA,0,0
2020-06-20,"Respublikinės Panevėžio ligoninės laboratorija",89,0,89,0,0,0,NA,NA,0,0
2020-06-20,"Respublikinės Šiaulių ligoninės laboratorija",222,78,222,78,0,0,NA,NA,11,0
2020-06-20,"UAB „Baltic Medics“",70,43,70,43,0,0,NA,NA,0,0
2020-06-20,"UAB „Diagnostikos laboratorija“ („Antėja“)",73,46,73,46,0,0,NA,NA,0,0
2020-06-20,"UAB „Medicina practica laboratorija“",178,48,178,48,0,0,NA,NA,0,0
2020-06-20,"VU ligoninės Santaros klinikų laboratorija",270,0,267,0,3,0,NA,NA,10,0
2020-06-21,"Klaipėdos universitetinės ligoninės laboratorija",200,96,199,95,1,1,NA,NA,0,0
2020-06-21,"LSMU ligoninės Kauno klinikų laboratorija",474,177,472,177,2,0,NA,NA,0,0
2020-06-21,"Nacionalinė visuomenės sveikatos priežiūros laboratorija",203,76,203,0,0,0,NA,NA,255,6
2020-06-21,"Nacionalinio maisto ir veterinarijos rizikos vertinimo instituto laboratorija",458,458,454,454,4,4,NA,NA,30,30
2020-06-21,"Respublikinės Panevėžio ligoninės laboratorija",50,0,50,0,0,0,NA,NA,0,0
2020-06-21,"Respublikinės Šiaulių ligoninės laboratorija",164,0,164,0,0,0,NA,NA,0,0
2020-06-21,"UAB „Medicina practica laboratorija“",52,47,52,47,0,0,NA,NA,0,0
2020-06-21,"VU ligoninės Santaros klinikų laboratorija",311,0,308,0,3,0,NA,NA,3,0
2020-06-22,"Klaipėdos universitetinės ligoninės laboratorija",446,148,446,148,0,0,NA,NA,0,0
2020-06-22,"LSMU ligoninės Kauno klinikų laboratorija",968,182,968,182,0,0,NA,NA,0,0
2020-06-22,"Nacionalinė visuomenės sveikatos priežiūros laboratorija",228,125,228,125,0,0,NA,NA,45,0
2020-06-22,"Nacionalinio maisto ir veterinarijos rizikos vertinimo instituto laboratorija",256,234,256,234,0,0,NA,NA,0,0
2020-06-22,"Nacionalinio vėžio instituto laboratorija",108,0,108,0,0,0,NA,NA,0,0
2020-06-22,"Respublikinės Panevėžio ligoninės laboratorija",78,0,78,0,0,0,NA,NA,0,0
2020-06-22,"Respublikinės Šiaulių ligoninės laboratorija",405,82,405,82,0,0,NA,NA,4,0
2020-06-22,"UAB „Baltic Medics“",70,33,70,33,0,0,NA,NA,0,0
2020-06-22,"UAB „Diagnostikos laboratorija“ („Antėja“)",311,39,311,39,0,0,NA,NA,304,0
2020-06-22,"UAB „Medicina practica laboratorija“",102,12,102,12,0,0,NA,NA,50,20
2020-06-22,"UAB „SK Impeks Medicinos diagnostikos centras“",33,0,33,0,0,0,NA,NA,0,0
2020-06-22,"VU ligoninės Santaros klinikų laboratorija",947,0,945,0,2,0,NA,NA,8,0
2020-06-23,"Klaipėdos universitetinės ligoninės laboratorija",464,155,464,155,0,0,NA,NA,0,0
2020-06-23,"LSMU ligoninės Kauno klinikų laboratorija",1189,340,1188,340,1,0,NA,NA,0,0
2020-06-23,"Nacionalinė visuomenės sveikatos priežiūros laboratorija",491,20,491,20,0,0,NA,NA,50,0
2020-06-23,"Nacionalinio maisto ir veterinarijos rizikos vertinimo instituto laboratorija",651,237,649,235,2,0,NA,NA,270,70
2020-06-23,"Nacionalinio vėžio instituto laboratorija",74,0,74,0,0,0,NA,NA,0,0
2020-06-23,"Respublikinės Panevėžio ligoninės laboratorija",74,0,74,0,0,0,NA,NA,0,0
2020-06-23,"Respublikinės Šiaulių ligoninės laboratorija",483,79,483,79,0,0,NA,NA,0,0
2020-06-23,"UAB „Diagnostikos laboratorija“ („Antėja“)",541,19,541,19,0,0,NA,NA,637,69
2020-06-23,"UAB „Invitro diagnostika“",215,90,213,88,2,1,NA,NA,0,0
2020-06-23,"UAB „Medicina practica laboratorija“",324,85,324,85,0,0,NA,NA,15,0
2020-06-23,"UAB „SK Impeks Medicinos diagnostikos centras“",28,0,28,0,0,0,NA,NA,0,0
2020-06-23,"VU ligoninės Santaros klinikų laboratorija",891,0,888,0,3,0,NA,NA,88,0
2020-06-24,"Klaipėdos universitetinės ligoninės laboratorija",197,94,197,94,0,0,NA,NA,0,0
2020-06-24,"LSMU ligoninės Kauno klinikų laboratorija",326,53,326,53,0,0,NA,NA,0,0
2020-06-24,"Nacionalinė visuomenės sveikatos priežiūros laboratorija",470,0,470,0,0,0,NA,NA,45,0
2020-06-24,"Nacionalinio maisto ir veterinarijos rizikos vertinimo instituto laboratorija",465,256,462,254,3,1,NA,NA,13,13
2020-06-24,"Respublikinės Šiaulių ligoninės laboratorija",139,0,139,0,0,0,NA,NA,0,0
2020-06-24,"UAB „Diagnostikos laboratorija“ („Antėja“)",662,101,662,101,0,0,NA,NA,0,0
2020-06-24,"UAB „Medicina practica laboratorija“",26,0,26,0,0,0,NA,NA,0,0
2020-06-24,"VU ligoninės Santaros klinikų laboratorija",431,0,429,0,2,0,NA,NA,9,0
2020-06-25,"Klaipėdos universitetinės ligoninės laboratorija",400,129,400,129,0,0,NA,NA,0,0
2020-06-25,"LSMU ligoninės Kauno klinikų laboratorija",1165,238,1164,237,1,1,NA,NA,0,0
2020-06-25,"Nacionalinė visuomenės sveikatos priežiūros laboratorija",189,18,188,18,1,0,NA,NA,45,0
2020-06-25,"Nacionalinio maisto ir veterinarijos rizikos vertinimo instituto laboratorija",444,214,435,206,9,1,NA,NA,63,63
2020-06-25,"Nacionalinio vėžio instituto laboratorija",69,0,69,0,0,0,NA,NA,1,0
2020-06-25,"Respublikinės Panevėžio ligoninės laboratorija",124,0,124,0,0,0,NA,NA,0,0
2020-06-25,"Respublikinės Šiaulių ligoninės laboratorija",399,60,399,60,0,0,NA,NA,0,0
2020-06-25,"UAB „Baltic Medics“",64,26,64,26,0,0,NA,NA,0,0
2020-06-25,"UAB „Diagnostikos laboratorija“ („Antėja“)",291,13,291,13,0,0,NA,NA,15,0
2020-06-25,"UAB „Medicina practica laboratorija“",120,34,120,34,0,0,NA,NA,66,15
2020-06-25,"UAB „SK Impeks Medicinos diagnostikos centras“",84,0,84,0,0,0,NA,NA,0,0
2020-06-25,"VU ligoninės Santaros klinikų laboratorija",961,0,957,0,4,0,NA,NA,9,0
2020-06-26,"Klaipėdos universitetinės ligoninės laboratorija",327,127,326,126,1,0,NA,NA,0,0
2020-06-26,"LSMU ligoninės Kauno klinikų laboratorija",991,113,989,111,2,2,NA,NA,0,0
2020-06-26,"Nacionalinė visuomenės sveikatos priežiūros laboratorija",320,4,320,4,0,0,NA,NA,35,0
2020-06-26,"Nacionalinio maisto ir veterinarijos rizikos vertinimo instituto laboratorija",365,201,363,199,2,1,NA,NA,63,63
2020-06-26,"Nacionalinio vėžio instituto laboratorija",41,0,41,0,0,0,NA,NA,0,0
2020-06-26,"Respublikinės Panevėžio ligoninės laboratorija",70,0,70,0,0,0,NA,NA,0,0
2020-06-26,"Respublikinės Šiaulių ligoninės laboratorija",221,0,221,0,0,0,NA,NA,17,0
2020-06-26,"UAB „Baltic Medics“",27,27,27,27,0,0,NA,NA,0,0
2020-06-26,"UAB „Invitro diagnostika“",283,26,283,26,0,0,NA,NA,2,0
2020-06-26,"UAB „Medicina practica laboratorija“",304,63,304,63,0,0,NA,NA,24,0
2020-06-26,"UAB „SK Impeks Medicinos diagnostikos centras“",148,0,148,0,0,0,NA,NA,19,0
2020-06-26,"VU ligoninės Santaros klinikų laboratorija",828,0,816,0,12,0,NA,NA,2,0
2020-06-27,"Klaipėdos universitetinės ligoninės laboratorija",294,150,294,150,0,0,NA,NA,0,0
2020-06-27,"LSMU ligoninės Kauno klinikų laboratorija",534,247,534,247,0,0,NA,NA,0,0
2020-06-27,"Nacionalinė visuomenės sveikatos priežiūros laboratorija",373,0,373,0,0,0,NA,NA,30,0
2020-06-27,"Nacionalinio maisto ir veterinarijos rizikos vertinimo instituto laboratorija",186,171,184,169,2,0,NA,NA,34,34
2020-06-27,"Nacionalinio vėžio instituto laboratorija",32,0,32,0,0,0,NA,NA,0,0
2020-06-27,"Respublikinės Panevėžio ligoninės laboratorija",45,0,45,0,0,0,NA,NA,0,0
2020-06-27,"Respublikinės Šiaulių ligoninės laboratorija",202,74,202,74,0,0,NA,NA,8,0
2020-06-27,"UAB „Baltic Medics“",33,0,33,0,0,0,NA,NA,0,0
2020-06-27,"VU ligoninės Santaros klinikų laboratorija",248,0,246,0,2,0,NA,NA,7,0
2020-06-28,"Klaipėdos universitetinės ligoninės laboratorija",203,101,202,100,1,1,NA,NA,0,0
2020-06-28,"LSMU ligoninės Kauno klinikų laboratorija",494,207,494,207,0,0,NA,NA,0,0
2020-06-28,"Nacionalinė visuomenės sveikatos priežiūros laboratorija",229,48,229,48,0,0,NA,NA,45,0
2020-06-28,"Nacionalinio maisto ir veterinarijos rizikos vertinimo instituto laboratorija",186,183,185,182,1,0,NA,NA,100,100
2020-06-28,"Respublikinės Panevėžio ligoninės laboratorija",44,0,44,0,0,0,NA,NA,0,0
2020-06-28,"Respublikinės Šiaulių ligoninės laboratorija",151,0,151,0,0,0,NA,NA,8,0
2020-06-28,"UAB „Medicina practica laboratorija“",50,47,50,47,0,0,NA,NA,0,0
2020-06-28,"VU ligoninės Santaros klinikų laboratorija",272,0,272,0,0,0,NA,NA,4,0
2020-06-29,"Klaipėdos universitetinės ligoninės laboratorija",471,144,471,144,0,0,NA,NA,0,0
2020-06-29,"LSMU ligoninės Kauno klinikų laboratorija",1141,352,1141,352,0,0,NA,NA,0,0
2020-06-29,"Nacionalinė visuomenės sveikatos priežiūros laboratorija",124,33,124,33,0,0,NA,NA,35,0
2020-06-29,"Nacionalinio maisto ir veterinarijos rizikos vertinimo instituto laboratorija",372,323,369,320,3,1,NA,NA,60,0
2020-06-29,"Nacionalinio vėžio instituto laboratorija",92,0,92,0,0,0,NA,NA,55,0
2020-06-29,"Respublikinės Panevėžio ligoninės laboratorija",91,0,91,0,0,0,NA,NA,0,0
2020-06-29,"Respublikinės Šiaulių ligoninės laboratorija",472,79,472,79,0,0,NA,NA,0,0
2020-06-29,"UAB „Baltic Medics“",78,46,78,46,0,0,NA,NA,0,0
2020-06-29,"UAB „Diagnostikos laboratorija“ („Antėja“)",216,46,216,46,0,0,NA,NA,520,36
2020-06-29,"UAB „Medicina practica laboratorija“",198,65,198,65,0,0,NA,NA,54,0
2020-06-29,"UAB „SK Impeks Medicinos diagnostikos centras“",84,0,84,0,0,0,NA,NA,6,0
2020-06-29,"VU ligoninės Santaros klinikų laboratorija",1133,0,1128,0,5,0,NA,NA,56,0
2020-06-30,"Klaipėdos universitetinės ligoninės laboratorija",479,188,478,187,1,1,NA,NA,0,0
2020-06-30,"LSMU ligoninės Kauno klinikų laboratorija",1085,227,1085,227,0,0,NA,NA,0,0
2020-06-30,"Nacionalinė visuomenės sveikatos priežiūros laboratorija",383,102,378,102,5,0,NA,NA,30,0
2020-06-30,"Nacionalinio maisto ir veterinarijos rizikos vertinimo instituto laboratorija",365,298,365,298,0,0,NA,NA,200,70
2020-06-30,"Nacionalinio vėžio instituto laboratorija",144,0,144,0,0,0,NA,NA,11,0
2020-06-30,"Respublikinės Panevėžio ligoninės laboratorija",84,0,84,0,0,0,NA,NA,0,0
2020-06-30,"Respublikinės Šiaulių ligoninės laboratorija",323,77,323,77,0,0,NA,NA,9,0
2020-06-30,"UAB „Baltic Medics“",63,44,63,44,0,0,NA,NA,0,0
2020-06-30,"UAB „Diagnostikos laboratorija“ („Antėja“)",656,44,656,44,0,0,NA,NA,558,42
2020-06-30,"UAB „Invitro diagnostika“",184,24,183,23,1,1,NA,NA,2,0
2020-06-30,"UAB „Medicina practica laboratorija“",301,69,301,69,0,0,NA,NA,34,0
2020-06-30,"UAB „SK Impeks Medicinos diagnostikos centras“",48,0,48,0,0,0,NA,NA,150,0
2020-06-30,"VU ligoninės Santaros klinikų laboratorija",1283,0,1279,0,4,0,NA,NA,2,0
2020-07-01,"Klaipėdos universitetinės ligoninės laboratorija",354,113,353,112,1,1,NA,NA,0,0
2020-07-01,"LSMU ligoninės Kauno klinikų laboratorija",784,231,783,230,1,1,NA,NA,0,0
2020-07-01,"Nacionalinė visuomenės sveikatos priežiūros laboratorija",507,21,507,21,0,0,NA,NA,45,0
2020-07-01,"Nacionalinio maisto ir veterinarijos rizikos vertinimo instituto laboratorija",372,254,370,252,2,0,NA,NA,45,45
2020-07-01,"Nacionalinio vėžio instituto laboratorija",92,0,92,0,0,0,NA,NA,6,0
2020-07-01,"Respublikinės Panevėžio ligoninės laboratorija",43,0,43,0,0,0,NA,NA,0,0
2020-07-01,"Respublikinės Šiaulių ligoninės laboratorija",277,0,277,0,0,0,NA,NA,28,0
2020-07-01,"UAB „Baltic Medics“",56,36,56,36,0,0,NA,NA,0,0
2020-07-01,"UAB „Diagnostikos laboratorija“ („Antėja“)",560,31,560,31,0,0,NA,NA,117,46
2020-07-01,"UAB „Invitro diagnostika“",132,3,132,3,0,0,NA,NA,0,0
2020-07-01,"UAB „Medicina practica laboratorija“",193,12,193,12,0,0,NA,NA,34,0
2020-07-01,"UAB „SK Impeks Medicinos diagnostikos centras“",84,0,84,0,0,0,NA,NA,72,0
2020-07-01,"VU ligoninės Santaros klinikų laboratorija",765,0,760,0,5,0,NA,NA,4,0
2020-07-02,"Klaipėdos universitetinės ligoninės laboratorija",374,137,374,137,0,0,NA,NA,0,0
2020-07-02,"LSMU ligoninės Kauno klinikų laboratorija",838,150,837,150,1,0,NA,NA,0,0
2020-07-02,"Nacionalinė visuomenės sveikatos priežiūros laboratorija",411,0,409,0,2,0,NA,NA,30,0
2020-07-02,"Nacionalinio maisto ir veterinarijos rizikos vertinimo instituto laboratorija",372,281,371,280,1,0,NA,NA,24,24
2020-07-02,"Nacionalinio vėžio instituto laboratorija",80,0,80,0,0,0,NA,NA,0,0
2020-07-02,"Respublikinės Panevėžio ligoninės laboratorija",35,0,35,0,0,0,NA,NA,0,0
2020-07-02,"Respublikinės Šiaulių ligoninės laboratorija",489,128,488,127,1,0,NA,NA,18,0
2020-07-02,"UAB „Baltic Medics“",29,0,29,0,0,0,NA,NA,0,0
2020-07-02,"UAB „Diagnostikos laboratorija“ („Antėja“)",281,69,281,69,0,0,NA,NA,351,20
2020-07-02,"UAB „Invitro diagnostika“",89,28,89,28,0,0,NA,NA,0,0
2020-07-02,"UAB „Medicina practica laboratorija“",343,27,343,27,0,0,NA,NA,57,0
2020-07-02,"UAB „SK Impeks Medicinos diagnostikos centras“",203,0,203,0,0,0,NA,NA,27,0
2020-07-02,"VU ligoninės Santaros klinikų laboratorija",678,0,672,0,6,0,NA,NA,6,0
2020-07-06,"Klaipėdos universitetinės ligoninės laboratorija",136,42,136,42,0,0,NA,NA,0,0
2020-07-06,"LSMU ligoninės Kauno klinikų laboratorija",262,16,262,16,0,0,NA,NA,0,0
2020-07-06,"Nacionalinė visuomenės sveikatos priežiūros laboratorija",81,6,81,6,0,0,NA,NA,40,0
2020-07-06,"Nacionalinio maisto ir veterinarijos rizikos vertinimo instituto laboratorija",93,93,88,88,5,5,NA,NA,42,62
2020-07-06,"Respublikinės Panevėžio ligoninės laboratorija",28,0,28,0,0,0,NA,NA,0,0
2020-07-06,"Respublikinės Šiaulių ligoninės laboratorija",138,0,138,0,0,0,NA,NA,0,0
2020-07-06,"UAB „Medicina practica laboratorija“",7,0,7,0,0,0,NA,NA,0,0
2020-07-06,"VU ligoninės Santaros klinikų laboratorija",271,0,270,0,1,0,NA,NA,2,0
2020-07-07,"Klaipėdos universitetinės ligoninės laboratorija",457,139,456,139,1,0,NA,NA,0,0
2020-07-07,"LSMU ligoninės Kauno klinikų laboratorija",912,182,911,181,1,1,NA,NA,0,0
2020-07-07,"Nacionalinė visuomenės sveikatos priežiūros laboratorija",110,0,110,0,0,0,NA,NA,30,0
2020-07-07,"Nacionalinio maisto ir veterinarijos rizikos vertinimo instituto laboratorija",186,179,184,177,2,2,NA,NA,27,27
2020-07-07,"Nacionalinio vėžio instituto laboratorija",125,0,125,0,0,0,NA,NA,1,0
2020-07-07,"Respublikinės Panevėžio ligoninės laboratorija",33,0,33,0,0,0,NA,NA,0,0
2020-07-07,"Respublikinės Šiaulių ligoninės laboratorija",395,36,395,0,0,0,NA,NA,37,0
2020-07-07,"UAB „Baltic Medics“",78,41,78,41,0,0,NA,NA,0,0
2020-07-07,"UAB „Diagnostikos laboratorija“ („Antėja“)",94,16,94,16,0,0,NA,NA,517,23
2020-07-07,"UAB „Medicina practica laboratorija“",195,19,195,19,0,0,NA,NA,36,0
2020-07-07,"UAB „SK Impeks Medicinos diagnostikos centras“",59,0,59,0,0,0,NA,NA,2,0
2020-07-07,"VU ligoninės Santaros klinikų laboratorija",943,0,938,0,5,0,NA,NA,4,0
2020-07-08,"Klaipėdos universitetinės ligoninės laboratorija",345,99,344,99,1,0,NA,NA,0,0
2020-07-08,"LSMU ligoninės Kauno klinikų laboratorija",891,200,889,199,2,1,NA,NA,0,0
2020-07-08,"Nacionalinė visuomenės sveikatos priežiūros laboratorija",350,0,349,0,1,0,NA,NA,40,0
2020-07-08,"Nacionalinio maisto ir veterinarijos rizikos vertinimo instituto laboratorija",279,238,277,236,2,0,NA,NA,34,34
2020-07-08,"Nacionalinio vėžio instituto laboratorija",61,0,61,0,0,0,NA,NA,1,0
2020-07-08,"Respublikinės Panevėžio ligoninės laboratorija",19,0,19,0,0,0,NA,NA,0,0
2020-07-08,"Respublikinės Šiaulių ligoninės laboratorija",404,69,404,69,0,0,NA,NA,0,0
2020-07-08,"UAB „Baltic Medics“",25,0,25,0,0,0,NA,NA,0,0
2020-07-08,"UAB „Diagnostikos laboratorija“ („Antėja“)",278,29,278,29,0,0,NA,NA,476,23
2020-07-08,"UAB „Invitro diagnostika“",56,37,54,36,2,0,NA,NA,0,0
2020-07-08,"UAB „Medicina practica laboratorija“",263,39,263,39,0,0,NA,NA,34,0
2020-07-08,"UAB „SK Impeks Medicinos diagnostikos centras“",84,0,82,0,2,0,NA,NA,2,0
2020-07-08,"VU ligoninės Santaros klinikų laboratorija",938,0,931,0,7,0,NA,NA,0,0
2020-07-09,"Klaipėdos universitetinės ligoninės laboratorija",338,94,338,94,0,0,NA,NA,0,0
2020-07-09,"LSMU ligoninės Kauno klinikų laboratorija",970,173,969,173,1,0,NA,NA,0,0
2020-07-09,"Nacionalinė visuomenės sveikatos priežiūros laboratorija",509,49,508,49,1,0,NA,NA,45,0
2020-07-09,"Nacionalinio maisto ir veterinarijos rizikos vertinimo instituto laboratorija",186,121,184,119,2,2,NA,NA,15,15
2020-07-09,"Nacionalinio vėžio instituto laboratorija",45,0,45,0,0,0,NA,NA,0,0
2020-07-09,"Respublikinės Panevėžio ligoninės laboratorija",19,0,19,0,0,0,NA,NA,0,0
2020-07-09,"Respublikinės Šiaulių ligoninės laboratorija",214,0,214,0,0,0,NA,NA,0,0
2020-07-09,"UAB „Baltic Medics“",56,32,56,32,0,0,NA,NA,0,0
2020-07-09,"UAB „Diagnostikos laboratorija“ („Antėja“)",468,50,468,50,0,0,NA,NA,269,0
2020-07-09,"UAB „Invitro diagnostika“",75,37,74,37,1,0,NA,NA,0,0
2020-07-09,"UAB „Medicina practica laboratorija“",166,27,166,27,0,0,NA,NA,38,0
2020-07-09,"UAB „SK Impeks Medicinos diagnostikos centras“",84,0,84,0,0,0,NA,NA,2,0
2020-07-09,"VU ligoninės Santaros klinikų laboratorija",716,0,713,0,3,0,NA,NA,9,0
2020-07-12,"Klaipėdos universitetinės ligoninės laboratorija",122,37,122,37,0,0,NA,NA,0,0
2020-07-12,"Nacionalinio maisto ir veterinarijos rizikos vertinimo instituto laboratorija",89,67,88,66,1,0,NA,NA,64,64
2020-07-12,"Respublikinės Panevėžio ligoninės laboratorija",23,0,23,0,0,0,NA,NA,0,0
2020-07-12,"Respublikinės Šiaulių ligoninės laboratorija",60,0,60,0,0,0,NA,NA,0,0
2020-07-12,"UAB „Medicina practica laboratorija“",5,0,5,0,0,0,NA,NA,0,0
2020-07-12,"VU ligoninės Santaros klinikų laboratorija",257,0,253,0,4,0,NA,NA,6,0
2020-07-13,"Klaipėdos universitetinės ligoninės laboratorija",459,86,458,86,1,0,NA,NA,0,0
2020-07-13,"LSMU ligoninės Kauno klinikų laboratorija",1185,267,1171,257,14,10,NA,NA,0,0
2020-07-13,"Nacionalinė visuomenės sveikatos priežiūros laboratorija",85,0,85,0,0,0,NA,NA,40,0
2020-07-13,"Nacionalinio maisto ir veterinarijos rizikos vertinimo instituto laboratorija",372,200,369,197,3,1,NA,NA,27,0
2020-07-13,"Nacionalinio vėžio instituto laboratorija",92,0,92,0,0,0,NA,NA,10,0
2020-07-13,"Respublikinės Panevėžio ligoninės laboratorija",25,0,25,0,0,0,NA,NA,0,0
2020-07-13,"Respublikinės Šiaulių ligoninės laboratorija",260,77,260,77,0,0,NA,NA,0,0
2020-07-13,"UAB „Baltic Medics“",60,23,60,23,0,0,NA,NA,0,0
2020-07-13,"UAB „Diagnostikos laboratorija“ („Antėja“)",77,8,77,8,0,0,NA,NA,123,22
2020-07-13,"UAB „Medicina practica laboratorija“",180,23,180,23,0,0,NA,NA,2,0
2020-07-13,"UAB „SK Impeks Medicinos diagnostikos centras“",48,0,48,0,0,0,NA,NA,4,0
2020-07-13,"VU ligoninės Santaros klinikų laboratorija",887,0,882,0,5,0,NA,NA,77,0
2020-07-14,"Klaipėdos universitetinės ligoninės laboratorija",413,101,412,100,1,1,NA,NA,0,0
2020-07-14,"LSMU ligoninės Kauno klinikų laboratorija",994,325,988,320,6,5,NA,NA,0,0
2020-07-14,"Nacionalinė visuomenės sveikatos priežiūros laboratorija",68,0,67,0,1,0,NA,NA,45,0
2020-07-14,"Nacionalinio maisto ir veterinarijos rizikos vertinimo instituto laboratorija",183,130,182,129,1,1,NA,NA,24,0
2020-07-14,"Nacionalinio vėžio instituto laboratorija",86,0,86,0,0,0,NA,NA,0,0
2020-07-14,"Respublikinės Panevėžio ligoninės laboratorija",21,0,21,0,0,0,NA,NA,0,0
2020-07-14,"Respublikinės Šiaulių ligoninės laboratorija",170,0,170,0,0,0,NA,NA,0,0
2020-07-14,"UAB „Baltic Medics“",27,0,27,0,0,0,NA,NA,0,0
2020-07-14,"UAB „Diagnostikos laboratorija“ („Antėja“)",279,47,279,47,0,0,NA,NA,63,6
2020-07-14,"UAB „Invitro diagnostika“",250,36,250,0,0,0,NA,NA,0,0
2020-07-14,"UAB „Medicina practica laboratorija“",182,27,182,27,0,0,NA,NA,2,0
2020-07-14,"UAB „SK Impeks Medicinos diagnostikos centras“",60,0,60,0,0,0,NA,NA,8,0
2020-07-14,"VU ligoninės Santaros klinikų laboratorija",926,0,921,0,5,0,NA,NA,22,0
2020-07-15,"Klaipėdos universitetinės ligoninės laboratorija",353,106,352,105,1,0,NA,NA,0,0
2020-07-15,"LSMU ligoninės Kauno klinikų laboratorija",984,233,979,230,5,3,NA,NA,0,0
2020-07-15,"Nacionalinė visuomenės sveikatos priežiūros laboratorija",245,45,245,45,0,0,NA,NA,40,0
2020-07-15,"Nacionalinio maisto ir veterinarijos rizikos vertinimo instituto laboratorija",186,137,186,137,0,0,NA,NA,132,0
2020-07-15,"Nacionalinio vėžio instituto laboratorija",65,0,65,0,0,0,NA,NA,0,0
2020-07-15,"Respublikinės Panevėžio ligoninės laboratorija",20,0,20,0,0,0,NA,NA,0,0
2020-07-15,"Respublikinės Šiaulių ligoninės laboratorija",281,85,281,0,0,0,NA,NA,2,0
2020-07-15,"UAB „Baltic Medics“",54,30,54,30,0,0,NA,NA,0,0
2020-07-15,"UAB „Diagnostikos laboratorija“ („Antėja“)",263,46,263,46,0,0,NA,NA,33,0
2020-07-15,"UAB „Invitro diagnostika“",151,42,150,41,1,1,NA,NA,0,0
2020-07-15,"UAB „Medicina practica laboratorija“",201,20,201,20,0,0,NA,NA,5,0
2020-07-15,"UAB „SK Impeks Medicinos diagnostikos centras“",72,0,71,0,1,0,NA,NA,2,0
2020-07-15,"VU ligoninės Santaros klinikų laboratorija",874,0,873,0,1,0,NA,NA,3,0
2020-07-16,"Klaipėdos universitetinės ligoninės laboratorija",393,68,393,68,0,0,NA,NA,0,0
2020-07-16,"LSMU ligoninės Kauno klinikų laboratorija",847,240,844,239,3,1,NA,NA,0,0
2020-07-16,"Nacionalinė visuomenės sveikatos priežiūros laboratorija",212,0,212,0,0,0,NA,NA,45,0
2020-07-16,"Nacionalinio maisto ir veterinarijos rizikos vertinimo instituto laboratorija",237,72,237,72,0,0,NA,NA,125,50
2020-07-16,"Nacionalinio vėžio instituto laboratorija",54,0,54,0,0,0,NA,NA,0,0
2020-07-16,"Respublikinės Panevėžio ligoninės laboratorija",23,0,22,0,1,0,NA,NA,0,0
2020-07-16,"Respublikinės Šiaulių ligoninės laboratorija",217,0,217,0,0,0,NA,NA,0,0
2020-07-16,"UAB „Baltic Medics“",29,0,29,0,0,0,NA,NA,0,0
2020-07-16,"UAB „Diagnostikos laboratorija“ („Antėja“)",159,25,159,25,0,0,NA,NA,121,11
2020-07-16,"UAB „Invitro diagnostika“",95,34,93,34,2,0,NA,NA,0,0
2020-07-16,"UAB „Medicina practica laboratorija“",183,24,183,24,0,0,NA,NA,24,0
2020-07-16,"UAB „SK Impeks Medicinos diagnostikos centras“",60,0,60,0,0,0,NA,NA,0,0
2020-07-16,"VU ligoninės Santaros klinikų laboratorija",808,0,803,0,5,0,NA,NA,0,0
2020-07-19,"Klaipėdos universitetinės ligoninės laboratorija",164,61,164,61,0,0,NA,NA,0,0
2020-07-19,"LSMU ligoninės Kauno klinikų laboratorija",426,190,424,189,2,1,NA,NA,0,0
2020-07-19,"Nacionalinio maisto ir veterinarijos rizikos vertinimo instituto laboratorija",186,112,185,111,1,1,NA,NA,70,70
2020-07-19,"Respublikinės Panevėžio ligoninės laboratorija",22,0,22,0,1,0,NA,NA,0,0
2020-07-19,"Respublikinės Šiaulių ligoninės laboratorija",71,0,71,0,0,0,NA,NA,0,0
2020-07-19,"UAB „Diagnostikos laboratorija“ („Antėja“)",4,0,4,0,0,0,NA,NA,0,0
2020-07-19,"UAB „Medicina practica laboratorija“",4,0,4,0,0,0,NA,NA,0,0
2020-07-19,"VU ligoninės Santaros klinikų laboratorija",177,0,176,0,1,0,NA,NA,14,0
2020-07-20,"Klaipėdos universitetinės ligoninės laboratorija",435,87,435,87,0,0,NA,NA,0,0
2020-07-20,"LSMU ligoninės Kauno klinikų laboratorija",1010,296,1009,296,1,0,NA,NA,0,0
2020-07-20,"Nacionalinė visuomenės sveikatos priežiūros laboratorija",142,0,142,0,0,0,NA,NA,40,0
2020-07-20,"Nacionalinio maisto ir veterinarijos rizikos vertinimo instituto laboratorija",275,199,269,193,6,6,NA,NA,0,0
2020-07-20,"Nacionalinio vėžio instituto laboratorija",80,0,80,0,0,0,NA,NA,0,0
2020-07-20,"Respublikinės Panevėžio ligoninės laboratorija",32,0,32,0,0,0,NA,NA,0,0
2020-07-20,"Respublikinės Šiaulių ligoninės laboratorija",220,59,220,59,0,0,NA,NA,0,0
2020-07-20,"UAB „Baltic Medics“",83,43,83,43,0,0,NA,NA,0,0
2020-07-20,"UAB „Diagnostikos laboratorija“ („Antėja“)",94,0,94,0,0,0,NA,NA,38,0
2020-07-20,"UAB „Medicina practica laboratorija“",199,45,198,44,1,1,NA,NA,0,0
2020-07-20,"UAB „SK Impeks Medicinos diagnostikos centras“",57,0,57,0,0,0,NA,NA,0,0
2020-07-20,"VU ligoninės Santaros klinikų laboratorija",990,0,986,0,4,0,NA,NA,0,0
2020-07-21,"Klaipėdos universitetinės ligoninės laboratorija",407,94,407,94,0,0,NA,NA,0,0
2020-07-21,"LSMU ligoninės Kauno klinikų laboratorija",971,230,966,225,5,5,NA,NA,0,0
2020-07-21,"Nacionalinė visuomenės sveikatos priežiūros laboratorija",237,0,237,0,0,0,NA,NA,25,0
2020-07-21,"Nacionalinio maisto ir veterinarijos rizikos vertinimo instituto laboratorija",208,174,203,169,5,5,NA,NA,68,68
2020-07-21,"Nacionalinio vėžio instituto laboratorija",73,0,73,0,0,0,NA,NA,1,0
2020-07-21,"Respublikinės Panevėžio ligoninės laboratorija",42,0,42,0,0,0,NA,NA,0,0
2020-07-21,"Respublikinės Šiaulių ligoninės laboratorija",185,0,185,0,0,0,NA,NA,0,0
2020-07-21,"UAB „Baltic Medics“",29,0,29,0,0,0,NA,NA,0,0
2020-07-21,"UAB „Diagnostikos laboratorija“ („Antėja“)",163,31,163,31,0,0,NA,NA,114,0
2020-07-21,"UAB „Invitro diagnostika“",81,38,79,37,2,1,NA,NA,0,0
2020-07-21,"UAB „Medicina practica laboratorija“",260,52,257,50,3,2,NA,NA,0,0
2020-07-21,"UAB „SK Impeks Medicinos diagnostikos centras“",72,0,72,0,0,0,NA,NA,0,0
2020-07-21,"VU ligoninės Santaros klinikų laboratorija",917,0,915,0,2,0,NA,NA,3,0
2020-07-22,"Klaipėdos universitetinės ligoninės laboratorija",324,71,323,70,1,0,NA,NA,0,0
2020-07-22,"LSMU ligoninės Kauno klinikų laboratorija",1279,477,1274,472,5,5,NA,NA,0,0
2020-07-22,"Nacionalinė visuomenės sveikatos priežiūros laboratorija",309,10,309,10,0,0,NA,NA,35,0
2020-07-22,"Nacionalinio maisto ir veterinarijos rizikos vertinimo instituto laboratorija",252,213,249,210,3,3,NA,NA,40,40
2020-07-22,"Nacionalinio vėžio instituto laboratorija",53,0,53,0,0,0,NA,NA,0,0
2020-07-22,"Respublikinės Panevėžio ligoninės laboratorija",33,0,33,0,0,0,NA,NA,0,0
2020-07-22,"Respublikinės Šiaulių ligoninės laboratorija",213,58,213,58,0,0,NA,NA,0,0
2020-07-22,"UAB „Baltic Medics“",60,39,60,39,0,0,NA,NA,0,0
2020-07-22,"UAB „Diagnostikos laboratorija“ („Antėja“)",281,19,281,19,0,0,NA,NA,106,0
2020-07-22,"UAB „Invitro diagnostika“",81,40,80,39,1,0,NA,NA,0,0
2020-07-22,"UAB „Medicina practica laboratorija“",216,63,215,62,1,1,NA,NA,0,0
2020-07-22,"UAB „SK Impeks Medicinos diagnostikos centras“",48,0,48,0,0,0,NA,NA,2,0
2020-07-22,"VU ligoninės Santaros klinikų laboratorija",847,0,845,0,2,0,NA,NA,0,0
2020-07-23,"Klaipėdos universitetinės ligoninės laboratorija",391,62,390,61,1,0,NA,NA,0,0
2020-07-23,"LSMU ligoninės Kauno klinikų laboratorija",901,297,889,285,12,12,NA,NA,0,0
2020-07-23,"Nacionalinė visuomenės sveikatos priežiūros laboratorija",304,3,304,3,0,0,NA,NA,45,0
2020-07-23,"Nacionalinio maisto ir veterinarijos rizikos vertinimo instituto laboratorija",280,225,277,222,3,3,NA,NA,0,0
2020-07-23,"Nacionalinio vėžio instituto laboratorija",45,0,45,0,0,0,NA,NA,0,0
2020-07-23,"Respublikinės Panevėžio ligoninės laboratorija",36,0,36,0,0,0,NA,NA,0,0
2020-07-23,"Respublikinės Šiaulių ligoninės laboratorija",178,0,178,0,0,0,NA,NA,0,0
2020-07-23,"UAB „Baltic Medics“",35,12,35,12,0,0,NA,NA,0,0
2020-07-23,"UAB „Diagnostikos laboratorija“ („Antėja“)",171,29,171,29,0,0,NA,NA,173,0
2020-07-23,"UAB „Invitro diagnostika“",75,37,72,34,3,3,NA,NA,0,0
2020-07-23,"UAB „Medicina practica laboratorija“",215,50,214,49,1,1,NA,NA,0,0
2020-07-23,"UAB „SK Impeks Medicinos diagnostikos centras“",60,0,60,0,0,0,NA,NA,0,0
2020-07-23,"VU ligoninės Santaros klinikų laboratorija",689,0,685,0,4,0,NA,NA,2,0
2020-07-26,"Klaipėdos universitetinės ligoninės laboratorija",133,48,133,48,0,0,NA,NA,0,0
2020-07-26,"LSMU ligoninės Kauno klinikų laboratorija",527,250,524,247,3,3,NA,NA,0,0
2020-07-26,"Nacionalinio maisto ir veterinarijos rizikos vertinimo instituto laboratorija",279,256,276,253,3,3,NA,NA,6,6
2020-07-26,"Respublikinės Panevėžio ligoninės laboratorija",48,0,48,0,0,0,NA,NA,0,0
2020-07-26,"Respublikinės Šiaulių ligoninės laboratorija",99,0,99,0,0,0,NA,NA,0,0
2020-07-26,"UAB „Medicina practica laboratorija“",15,0,15,0,0,0,NA,NA,0,0
2020-07-26,"VU ligoninės Santaros klinikų laboratorija",265,0,262,0,3,0,NA,NA,5,0
2020-07-27,"Klaipėdos universitetinės ligoninės laboratorija",407,82,406,81,1,1,NA,NA,0,0
2020-07-27,"LSMU ligoninės Kauno klinikų laboratorija",1082,334,1079,331,3,3,NA,NA,0,0
2020-07-27,"Nacionalinė visuomenės sveikatos priežiūros laboratorija",49,0,49,0,0,0,NA,NA,40,0
2020-07-27,"Nacionalinio maisto ir veterinarijos rizikos vertinimo instituto laboratorija",186,92,186,92,0,0,NA,NA,54,54
2020-07-27,"Nacionalinio vėžio instituto laboratorija",106,0,106,0,0,0,NA,NA,0,0
2020-07-27,"Respublikinės Panevėžio ligoninės laboratorija",48,0,48,0,0,0,NA,NA,0,0
2020-07-27,"Respublikinės Šiaulių ligoninės laboratorija",186,53,186,53,0,0,NA,NA,0,0
2020-07-27,"UAB „Baltic Medics“",68,25,68,25,0,0,NA,NA,0,0
2020-07-27,"UAB „Diagnostikos laboratorija“ („Antėja“)",153,45,153,45,0,0,NA,NA,44,0
2020-07-27,"UAB „Medicina practica laboratorija“",226,47,223,44,3,3,NA,NA,25,0
2020-07-27,"UAB „SK Impeks Medicinos diagnostikos centras“",80,0,80,0,0,0,NA,NA,0,0
2020-07-27,"VU ligoninės Santaros klinikų laboratorija",773,0,768,0,5,0,NA,NA,1,0
2020-07-28,"Klaipėdos universitetinės ligoninės laboratorija",386,87,384,85,2,1,NA,NA,0,0
2020-07-28,"LSMU ligoninės Kauno klinikų laboratorija",1091,289,1086,288,5,1,NA,NA,0,0
2020-07-28,"Nacionalinė visuomenės sveikatos priežiūros laboratorija",246,0,244,0,2,0,NA,NA,45,0
2020-07-28,"Nacionalinio maisto ir veterinarijos rizikos vertinimo instituto laboratorija",279,217,276,214,3,3,NA,NA,58,58
2020-07-28,"Nacionalinio vėžio instituto laboratorija",77,0,77,0,0,0,NA,NA,0,0
2020-07-28,"Respublikinės Panevėžio ligoninės laboratorija",170,0,170,0,0,0,NA,NA,0,0
2020-07-28,"Respublikinės Šiaulių ligoninės laboratorija",229,0,228,0,1,0,NA,NA,0,0
2020-07-28,"UAB „Baltic Medics“",42,0,42,0,0,0,NA,NA,0,0
2020-07-28,"UAB „Diagnostikos laboratorija“ („Antėja“)",238,23,238,23,0,0,NA,NA,119,18
2020-07-28,"UAB „Invitro diagnostika“",83,43,81,42,2,0,NA,NA,1,1
2020-07-28,"UAB „Medicina practica laboratorija“",259,51,249,42,10,9,NA,NA,20,0
2020-07-28,"UAB „SK Impeks Medicinos diagnostikos centras“",54,0,54,0,0,0,NA,NA,0,0
2020-07-28,"VU ligoninės Santaros klinikų laboratorija",888,0,871,0,17,0,NA,NA,4,0
2020-07-29,"Klaipėdos universitetinės ligoninės laboratorija",293,68,293,68,0,0,NA,NA,0,0
2020-07-29,"LSMU ligoninės Kauno klinikų laboratorija",1323,518,1318,517,5,1,NA,NA,0,0
2020-07-29,"Nacionalinė visuomenės sveikatos priežiūros laboratorija",342,2,341,2,1,0,NA,NA,45,0
2020-07-29,"Nacionalinio maisto ir veterinarijos rizikos vertinimo instituto laboratorija",372,247,370,245,2,2,NA,NA,50,58
2020-07-29,"Nacionalinio vėžio instituto laboratorija",67,0,67,0,0,0,NA,NA,0,0
2020-07-29,"Respublikinės Panevėžio ligoninės laboratorija",144,0,144,0,0,0,NA,NA,0,0
2020-07-29,"Respublikinės Šiaulių ligoninės laboratorija",209,74,209,74,0,0,NA,NA,0,0
2020-07-29,"UAB „Baltic Medics“",76,39,76,39,0,0,NA,NA,0,0
2020-07-29,"UAB „Diagnostikos laboratorija“ („Antėja“)",262,43,262,43,0,0,NA,NA,46,0
2020-07-29,"UAB „Invitro diagnostika“",98,49,94,47,4,2,NA,NA,1,1
2020-07-29,"UAB „Medicina practica laboratorija“",347,142,342,138,5,4,NA,NA,24,0
2020-07-29,"UAB „SK Impeks Medicinos diagnostikos centras“",48,0,48,0,0,0,NA,NA,0,0
2020-07-29,"VU ligoninės Santaros klinikų laboratorija",754,0,751,0,3,0,NA,NA,0,0
2020-07-30,"Klaipėdos universitetinės ligoninės laboratorija",394,70,394,70,0,0,NA,NA,0,0
2020-07-30,"LSMU ligoninės Kauno klinikų laboratorija",1100,80,1093,78,7,2,NA,NA,250,250
2020-07-30,"Nacionalinė visuomenės sveikatos priežiūros laboratorija",340,32,340,32,0,0,NA,NA,50,0
2020-07-30,"Nacionalinio maisto ir veterinarijos rizikos vertinimo instituto laboratorija",465,207,464,206,1,1,NA,NA,63,63
2020-07-30,"Nacionalinio vėžio instituto laboratorija",33,0,33,0,0,0,NA,NA,0,0
2020-07-30,"Respublikinės Panevėžio ligoninės laboratorija",149,0,149,0,0,0,NA,NA,0,0
2020-07-30,"Respublikinės Šiaulių ligoninės laboratorija",184,0,184,0,0,0,NA,NA,0,0
2020-07-30,"UAB „Baltic Medics“",27,0,27,0,0,0,NA,NA,0,0
2020-07-30,"UAB „Diagnostikos laboratorija“ („Antėja“)",208,19,206,19,2,0,NA,NA,116,6
2020-07-30,"UAB „Invitro diagnostika“",86,20,85,19,1,0,NA,NA,0,0
2020-07-30,"UAB „Medicina practica laboratorija“",371,142,371,142,0,0,NA,NA,30,0
2020-07-30,"UAB „SK Impeks Medicinos diagnostikos centras“",84,0,84,0,0,0,NA,NA,0,0
2020-07-30,"VU ligoninės Santaros klinikų laboratorija",691,0,687,0,4,0,NA,NA,1,0
2020-08-02,"Klaipėdos universitetinės ligoninės laboratorija",144,46,144,46,0,0,NA,NA,0,0
2020-08-02,"LSMU ligoninės Kauno klinikų laboratorija",434,212,428,206,6,5,NA,NA,0,0
2020-08-02,"Nacionalinio maisto ir veterinarijos rizikos vertinimo instituto laboratorija",186,152,184,150,2,2,NA,NA,54,54
2020-08-02,"Respublikinės Panevėžio ligoninės laboratorija",54,0,54,0,0,0,NA,NA,0,0
2020-08-02,"Respublikinės Šiaulių ligoninės laboratorija",185,0,185,0,0,0,NA,NA,0,0
2020-08-02,"UAB „Medicina practica laboratorija“",140,138,138,136,2,2,NA,NA,3,0
2020-08-02,"VU ligoninės Santaros klinikų laboratorija",247,0,245,0,2,0,NA,NA,3,0
2020-08-03,"Klaipėdos universitetinės ligoninės laboratorija",477,86,477,86,0,0,NA,NA,0,0
2020-08-03,"LSMU ligoninės Kauno klinikų laboratorija",1073,159,1071,158,2,1,NA,NA,169,140
2020-08-03,"Nacionalinė visuomenės sveikatos priežiūros laboratorija",67,0,67,0,0,0,NA,NA,40,0
2020-08-03,"Nacionalinio maisto ir veterinarijos rizikos vertinimo instituto laboratorija",372,253,371,252,1,1,NA,NA,0,0
2020-08-03,"Nacionalinio vėžio instituto laboratorija",100,0,100,0,0,0,NA,NA,1,0
2020-08-03,"Respublikinės Panevėžio ligoninės laboratorija",60,0,60,0,0,0,NA,NA,0,0
2020-08-03,"Respublikinės Šiaulių ligoninės laboratorija",190,68,188,67,2,1,NA,NA,0,0
2020-08-03,"UAB „Baltic Medics“",84,35,84,35,0,0,NA,NA,0,0
2020-08-03,"UAB „Diagnostikos laboratorija“ („Antėja“)",93,3,93,3,0,0,NA,NA,94,0
2020-08-03,"UAB „Medicina practica laboratorija“",246,51,243,48,3,2,NA,NA,43,23
2020-08-03,"UAB „SK Impeks Medicinos diagnostikos centras“",84,0,84,0,0,0,NA,NA,0,0
2020-08-03,"VU ligoninės Santaros klinikų laboratorija",943,24,932,24,11,0,NA,NA,9,0
2020-08-04,"Klaipėdos universitetinės ligoninės laboratorija",400,106,400,106,0,0,NA,NA,0,0
2020-08-04,"LSMU ligoninės Kauno klinikų laboratorija",1440,461,1429,456,11,5,NA,NA,0,0
2020-08-04,"Nacionalinė visuomenės sveikatos priežiūros laboratorija",247,0,247,0,0,0,NA,NA,45,0
2020-08-04,"Nacionalinio maisto ir veterinarijos rizikos vertinimo instituto laboratorija",373,176,370,173,3,1,NA,NA,120,120
2020-08-04,"Respublikinės Panevėžio ligoninės laboratorija",133,0,133,0,0,0,NA,NA,0,0
2020-08-04,"Respublikinės Šiaulių ligoninės laboratorija",250,68,250,67,2,1,NA,NA,0,0
2020-08-04,"UAB „Baltic Medics“",42,42,42,42,0,0,NA,NA,0,0
2020-08-04,"UAB „Diagnostikos laboratorija“ („Antėja“)",278,9,277,9,1,0,NA,NA,99,20
2020-08-04,"UAB „Invitro diagnostika“",111,48,107,44,4,4,NA,NA,7,5
2020-08-04,"UAB „Medicina practica laboratorija“",577,142,575,141,2,1,NA,NA,7,1
2020-08-04,"UAB „SK Impeks Medicinos diagnostikos centras“",130,0,129,0,1,0,NA,NA,0,0
2020-08-04,"VU ligoninės Santaros klinikų laboratorija",878,0,878,0,0,0,NA,NA,2,0
2020-08-05,"Klaipėdos universitetinės ligoninės laboratorija",421,113,419,112,3,1,NA,NA,0,0
2020-08-05,"LSMU ligoninės Kauno klinikų laboratorija",1056,197,1051,197,5,5,NA,NA,0,0
2020-08-05,"Nacionalinė visuomenės sveikatos priežiūros laboratorija",344,42,344,42,0,0,NA,NA,0,0
2020-08-05,"Nacionalinio maisto ir veterinarijos rizikos vertinimo instituto laboratorija",466,255,458,249,8,5,NA,NA,96,70
2020-08-05,"Nacionalinio vėžio instituto laboratorija",69,0,69,0,0,0,NA,NA,0,0
2020-08-05,"Respublikinės Panevėžio ligoninės laboratorija",167,0,167,0,0,0,NA,NA,0,0
2020-08-05,"Respublikinės Šiaulių ligoninės laboratorija",294,77,294,77,0,0,NA,NA,0,0
2020-08-05,"UAB „Baltic Medics“",101,69,101,69,0,0,NA,NA,0,0
2020-08-05,"UAB „Diagnostikos laboratorija“ („Antėja“)",132,29,132,29,0,0,NA,NA,116,44
2020-08-05,"UAB „Invitro diagnostika“",147,47,139,41,8,4,NA,NA,6,3
2020-08-05,"UAB „Medicina practica laboratorija“",381,143,377,140,4,3,NA,NA,23,10
2020-08-05,"UAB „SK Impeks Medicinos diagnostikos centras“",60,0,60,0,0,0,NA,NA,0,0
2020-08-05,"VU ligoninės Santaros klinikų laboratorija",769,0,761,0,8,0,NA,NA,7,0
2020-08-06,"Klaipėdos universitetinės ligoninės laboratorija",344,65,343,64,1,1,NA,NA,0,0
2020-08-06,"LSMU ligoninės Kauno klinikų laboratorija",1578,499,1553,478,25,19,NA,NA,0,0
2020-08-06,"Nacionalinė visuomenės sveikatos priežiūros laboratorija",344,0,344,0,0,0,NA,NA,0,0
2020-08-06,"Nacionalinio maisto ir veterinarijos rizikos vertinimo instituto laboratorija",372,221,372,221,0,0,NA,NA,133,70
2020-08-06,"Respublikinės Panevėžio ligoninės laboratorija",114,0,114,0,0,0,NA,NA,0,0
2020-08-06,"Respublikinės Šiaulių ligoninės laboratorija",203,1,203,1,0,0,NA,NA,0,0
2020-08-06,"UAB „Baltic Medics“",64,11,64,11,0,0,NA,NA,0,0
2020-08-06,"UAB „Diagnostikos laboratorija“ („Antėja“)",218,49,217,49,1,0,NA,NA,140,17
2020-08-06,"UAB „Invitro diagnostika“",99,49,95,46,4,0,NA,NA,0,0
2020-08-06,"UAB „Medicina practica laboratorija“",395,97,387,96,8,1,NA,NA,27,14
2020-08-06,"UAB „SK Impeks Medicinos diagnostikos centras“",106,0,106,0,0,0,NA,NA,0,0
2020-08-06,"VU ligoninės Santaros klinikų laboratorija",741,0,736,0,5,0,NA,NA,6,0
2020-08-08,"Klaipėdos universitetinės ligoninės laboratorija",154,47,154,47,0,0,NA,NA,0,0
2020-08-08,"LSMU ligoninės Kauno klinikų laboratorija",573,268,557,257,16,11,NA,NA,0,0
2020-08-08,"Nacionalinė visuomenės sveikatos priežiūros laboratorija",176,0,175,0,1,0,NA,NA,40,0
2020-08-08,"Nacionalinio maisto ir veterinarijos rizikos vertinimo instituto laboratorija",279,206,278,206,1,0,NA,NA,0,0
2020-08-08,"Respublikinės Panevėžio ligoninės laboratorija",50,0,50,0,0,0,NA,NA,0,0
2020-08-08,"Respublikinės Šiaulių ligoninės laboratorija",62,0,61,0,1,0,NA,NA,0,0
2020-08-08,"UAB „Baltic Medics“",27,3,27,3,0,0,NA,NA,0,0
2020-08-08,"UAB „Diagnostikos laboratorija“ („Antėja“)",162,19,162,19,0,0,NA,NA,0,0
2020-08-08,"UAB „Medicina practica laboratorija“",168,79,168,79,0,0,NA,NA,0,0
2020-08-08,"VU ligoninės Santaros klinikų laboratorija",197,0,196,0,1,0,NA,NA,7,0
2020-08-09,"Klaipėdos universitetinės ligoninės laboratorija",103,43,101,41,2,1,NA,NA,0,0
2020-08-09,"LSMU ligoninės Kauno klinikų laboratorija",543,284,535,279,8,5,NA,NA,0,0
2020-08-09,"Nacionalinio maisto ir veterinarijos rizikos vertinimo instituto laboratorija",271,230,269,228,2,2,NA,NA,0,0
2020-08-09,"Respublikinės Panevėžio ligoninės laboratorija",29,0,29,0,0,0,NA,NA,0,0
2020-08-09,"Respublikinės Šiaulių ligoninės laboratorija",102,0,102,0,0,0,NA,NA,0,0
2020-08-09,"UAB „Diagnostikos laboratorija“ („Antėja“)",7,0,7,0,0,0,NA,NA,0,0
2020-08-09,"UAB „Invitro diagnostika“",2,0,2,0,0,0,NA,NA,0,0
2020-08-09,"UAB „Medicina practica laboratorija“",29,25,29,25,0,0,NA,NA,0,0
2020-08-09,"VU ligoninės Santaros klinikų laboratorija",278,0,275,0,3,0,NA,NA,16,0
2020-08-10,"Klaipėdos universitetinės ligoninės laboratorija",506,136,500,132,6,2,NA,NA,0,0
2020-08-10,"LSMU ligoninės Kauno klinikų laboratorija",1154,288,1140,276,14,11,NA,NA,0,0
2020-08-10,"Nacionalinė visuomenės sveikatos priežiūros laboratorija",71,15,71,15,0,0,NA,NA,30,0
2020-08-10,"Nacionalinio maisto ir veterinarijos rizikos vertinimo instituto laboratorija",465,300,458,293,7,7,NA,NA,30,0
2020-08-10,"Nacionalinio vėžio instituto laboratorija",110,0,110,0,0,0,NA,NA,0,0
2020-08-10,"Respublikinės Panevėžio ligoninės laboratorija",71,0,71,0,0,0,NA,NA,0,0
2020-08-10,"Respublikinės Šiaulių ligoninės laboratorija",303,81,303,81,0,0,NA,NA,0,0
2020-08-10,"UAB „Baltic Medics“",84,33,84,33,0,0,NA,NA,0,0
2020-08-10,"UAB „Diagnostikos laboratorija“ („Antėja“)",103,2,103,2,0,0,NA,NA,104,0
2020-08-10,"UAB „Medicina practica laboratorija“",374,16,372,16,2,0,NA,NA,44,20
2020-08-10,"UAB „SK Impeks Medicinos diagnostikos centras“",144,0,144,0,0,0,NA,NA,10,0
2020-08-10,"VU ligoninės Santaros klinikų laboratorija",884,0,879,0,5,0,NA,NA,8,0
2020-08-11,"Klaipėdos universitetinės ligoninės laboratorija",424,94,416,87,8,6,NA,NA,0,0
2020-08-11,"LSMU ligoninės Kauno klinikų laboratorija",679,38,675,36,4,1,NA,NA,250,200
2020-08-11,"Nacionalinė visuomenės sveikatos priežiūros laboratorija",238,4,238,4,0,0,NA,NA,35,0
2020-08-11,"Nacionalinio maisto ir veterinarijos rizikos vertinimo instituto laboratorija",465,302,461,298,4,3,NA,NA,0,0
2020-08-11,"Nacionalinio vėžio instituto laboratorija",0,0,0,0,0,0,NA,NA,0,0
2020-08-11,"Respublikinės Panevėžio ligoninės laboratorija",58,0,58,0,0,0,NA,NA,0,0
2020-08-11,"Respublikinės Šiaulių ligoninės laboratorija",188,1,187,0,1,1,NA,NA,0,0
2020-08-11,"UAB „Baltic Medics“",39,0,39,0,0,0,NA,NA,0,0
2020-08-11,"UAB „Diagnostikos laboratorija“ („Antėja“)",185,23,185,23,0,0,NA,NA,104,0
2020-08-11,"UAB „Invitro diagnostika“",132,54,128,54,4,0,NA,NA,0,0
2020-08-11,"UAB „Medicina practica laboratorija“",650,113,647,112,3,1,NA,NA,0,0
2020-08-11,"UAB „SK Impeks Medicinos diagnostikos centras“",72,0,72,0,0,0,NA,NA,10,0
2020-08-11,"VU ligoninės Santaros klinikų laboratorija",768,0,760,0,8,0,NA,NA,2,0
2020-08-12,"Klaipėdos universitetinės ligoninės laboratorija",389,108,386,106,3,2,NA,NA,0,0
2020-08-12,"LSMU ligoninės Kauno klinikų laboratorija",717,63,709,60,8,3,NA,NA,900,850
2020-08-12,"Nacionalinė visuomenės sveikatos priežiūros laboratorija",340,39,340,39,0,0,NA,NA,30,0
2020-08-12,"Nacionalinio maisto ir veterinarijos rizikos vertinimo instituto laboratorija",465,318,465,318,0,0,NA,NA,30,0
2020-08-12,"Nacionalinio vėžio instituto laboratorija",93,0,93,0,0,0,NA,NA,0,0
2020-08-12,"Respublikinės Panevėžio ligoninės laboratorija",76,0,75,0,1,0,NA,NA,0,0
2020-08-12,"Respublikinės Šiaulių ligoninės laboratorija",379,78,377,76,2,2,NA,NA,0,0
2020-08-12,"UAB „Baltic Medics“",93,49,93,49,0,0,NA,NA,0,0
2020-08-12,"UAB „Diagnostikos laboratorija“ („Antėja“)",353,29,350,29,3,0,NA,NA,151,51
2020-08-12,"UAB „Invitro diagnostika“",136,49,130,47,6,1,NA,NA,0,0
2020-08-12,"UAB „Medicina practica laboratorija“",363,96,361,95,2,1,NA,NA,18,0
2020-08-12,"UAB „SK Impeks Medicinos diagnostikos centras“",84,0,84,0,0,0,NA,NA,0,0
2020-08-12,"VU ligoninės Santaros klinikų laboratorija",739,0,735,0,4,0,NA,NA,10,0
2020-08-13,"Klaipėdos universitetinės ligoninės laboratorija",453,109,448,105,5,4,NA,NA,0,0
2020-08-13,"LSMU ligoninės Kauno klinikų laboratorija",1212,59,1210,59,2,0,NA,NA,250,30
2020-08-13,"Nacionalinė visuomenės sveikatos priežiūros laboratorija",348,4,348,4,0,0,NA,NA,35,0
2020-08-13,"Nacionalinio maisto ir veterinarijos rizikos vertinimo instituto laboratorija",373,298,367,293,6,5,NA,NA,16,0
2020-08-13,"Respublikinės Panevėžio ligoninės laboratorija",89,0,89,0,0,0,NA,NA,0,0
2020-08-13,"Respublikinės Šiaulių ligoninės laboratorija",218,0,218,0,0,0,NA,NA,0,0
2020-08-13,"UAB „Baltic Medics“",59,9,59,9,0,0,NA,NA,0,0
2020-08-13,"UAB „Diagnostikos laboratorija“ („Antėja“)",608,392,602,386,6,6,NA,NA,397,128
2020-08-13,"UAB „Invitro diagnostika“",136,40,128,40,8,0,NA,NA,1,0
2020-08-13,"UAB „Medicina practica laboratorija“",510,80,507,79,3,1,NA,NA,0,0
2020-08-13,"UAB „SK Impeks Medicinos diagnostikos centras“",103,0,103,0,0,0,NA,NA,0,0
2020-08-13,"VU ligoninės Santaros klinikų laboratorija",766,0,761,0,5,0,NA,NA,5,0
2020-08-16,"Klaipėdos universitetinės ligoninės laboratorija",168,48,164,44,4,1,NA,NA,0,0
2020-08-16,"LSMU ligoninės Kauno klinikų laboratorija",708,386,706,385,2,1,NA,NA,0,0
2020-08-16,"Nacionalinio maisto ir veterinarijos rizikos vertinimo instituto laboratorija",279,258,262,241,17,16,NA,NA,20,20
2020-08-16,"Respublikinės Panevėžio ligoninės laboratorija",54,0,54,0,0,0,NA,NA,0,0
2020-08-16,"Respublikinės Šiaulių ligoninės laboratorija",117,0,116,0,1,0,NA,NA,0,0
2020-08-16,"UAB „Baltic Medics“",24,24,24,24,0,0,NA,NA,0,0
2020-08-16,"UAB „Diagnostikos laboratorija“ („Antėja“)",96,2,96,2,0,0,NA,NA,0,0
2020-08-16,"UAB „Medicina practica laboratorija“",40,2,37,2,3,0,NA,NA,0,0
2020-08-16,"VU ligoninės Santaros klinikų laboratorija",267,0,264,0,3,0,NA,NA,10,0
2020-08-17,"Klaipėdos universitetinės ligoninės laboratorija",454,75,454,75,0,0,NA,NA,0,0
2020-08-17,"LSMU ligoninės Kauno klinikų laboratorija",998,224,991,220,7,4,NA,NA,400,350
2020-08-17,"Nacionalinė visuomenės sveikatos priežiūros laboratorija",89,19,87,19,2,0,NA,NA,40,0
2020-08-17,"Nacionalinio maisto ir veterinarijos rizikos vertinimo instituto laboratorija",465,321,462,319,3,2,NA,NA,26,0
2020-08-17,"Nacionalinio vėžio instituto laboratorija",104,0,104,0,0,0,NA,NA,0,0
2020-08-17,"Respublikinės Panevėžio ligoninės laboratorija",100,0,97,0,3,0,NA,NA,0,0
2020-08-17,"Respublikinės Šiaulių ligoninės laboratorija",301,59,301,59,0,0,NA,NA,0,0
2020-08-17,"UAB „Baltic Medics“",61,0,61,0,0,0,NA,NA,0,0
2020-08-17,"UAB „Diagnostikos laboratorija“ („Antėja“)",99,4,99,4,0,0,NA,NA,97,23
2020-08-17,"UAB „Invitro diagnostika“",23,0,23,0,0,0,NA,NA,3,0
2020-08-17,"UAB „Medicina practica laboratorija“",468,74,465,71,3,3,NA,NA,0,0
2020-08-17,"UAB „SK Impeks Medicinos diagnostikos centras“",96,0,96,0,0,0,NA,NA,0,0
2020-08-17,"VU ligoninės Santaros klinikų laboratorija",930,0,921,0,9,0,NA,NA,15,0
2020-08-18,"Klaipėdos universitetinės ligoninės laboratorija",562,186,559,183,3,3,NA,NA,0,0
2020-08-18,"LSMU ligoninės Kauno klinikų laboratorija",1350,489,1326,472,24,17,NA,NA,400,300
2020-08-18,"Nacionalinė visuomenės sveikatos priežiūros laboratorija",341,0,337,0,4,0,NA,NA,35,0
2020-08-18,"Nacionalinio maisto ir veterinarijos rizikos vertinimo instituto laboratorija",372,264,366,258,6,5,NA,NA,63,0
2020-08-18,"Respublikinės Panevėžio ligoninės laboratorija",92,0,92,0,0,0,NA,NA,0,0
2020-08-18,"Respublikinės Šiaulių ligoninės laboratorija",351,95,349,95,2,0,NA,NA,0,0
2020-08-18,"UAB „Baltic Medics“",90,46,90,46,0,0,NA,NA,0,0
2020-08-18,"UAB „Diagnostikos laboratorija“ („Antėja“)",263,31,263,31,0,0,NA,NA,161,24
2020-08-18,"UAB „Invitro diagnostika“",134,55,133,55,1,0,NA,NA,0,0
2020-08-18,"UAB „Medicina practica laboratorija“",410,77,409,77,1,0,NA,NA,20,18
2020-08-18,"UAB „SK Impeks Medicinos diagnostikos centras“",67,0,67,0,0,0,NA,NA,0,0
2020-08-18,"VU ligoninės Santaros klinikų laboratorija",832,0,832,0,0,0,NA,NA,11,0
2020-08-19,"Klaipėdos universitetinės ligoninės laboratorija",433,155,429,152,4,2,NA,NA,0,0
2020-08-19,"LSMU ligoninės Kauno klinikų laboratorija",1395,488,1388,483,7,5,NA,NA,319,319
2020-08-19,"Nacionalinė visuomenės sveikatos priežiūros laboratorija",332,26,331,26,1,0,NA,NA,35,0
2020-08-19,"Nacionalinio maisto ir veterinarijos rizikos vertinimo instituto laboratorija",465,336,447,318,18,16,NA,NA,131,80
2020-08-19,"Nacionalinio vėžio instituto laboratorija",103,0,103,0,0,0,NA,NA,0,0
2020-08-19,"Respublikinės Panevėžio ligoninės laboratorija",75,0,74,0,1,0,NA,NA,0,0
2020-08-19,"Respublikinės Šiaulių ligoninės laboratorija",313,79,313,79,0,0,NA,NA,0,0
2020-08-19,"UAB „Baltic Medics“",38,0,38,0,0,0,NA,NA,0,0
2020-08-19,"UAB „Diagnostikos laboratorija“ („Antėja“)",455,250,452,247,3,3,NA,NA,311,92
2020-08-19,"UAB „Invitro diagnostika“",120,52,114,46,6,3,NA,NA,1,0
2020-08-19,"UAB „Medicina practica laboratorija“",412,70,409,70,3,0,NA,NA,22,20
2020-08-19,"UAB „SK Impeks Medicinos diagnostikos centras“",84,0,84,0,0,0,NA,NA,0,0
2020-08-19,"VU ligoninės Santaros klinikų laboratorija",748,0,730,0,18,0,NA,NA,8,0
2020-08-20,"Klaipėdos universitetinės ligoninės laboratorija",3,0,3,0,0,0,NA,NA,0,0
2020-08-20,"LSMU ligoninės Kauno klinikų laboratorija",1698,604,1681,591,17,13,NA,NA,319,319
2020-08-20,"Nacionalinė visuomenės sveikatos priežiūros laboratorija",339,0,336,0,3,0,NA,NA,40,0
2020-08-20,"Nacionalinio maisto ir veterinarijos rizikos vertinimo instituto laboratorija",465,302,458,296,7,4,NA,NA,133,80
2020-08-20,"Respublikinės Panevėžio ligoninės laboratorija",112,0,112,0,0,0,NA,NA,0,0
2020-08-20,"Respublikinės Šiaulių ligoninės laboratorija",217,0,217,0,0,0,NA,NA,0,0
2020-08-20,"UAB „Baltic Medics“",434,126,432,125,2,1,NA,NA,0,0
2020-08-20,"UAB „Diagnostikos laboratorija“ („Antėja“)",376,95,376,95,0,0,NA,NA,227,8
2020-08-20,"UAB „Invitro diagnostika“",202,53,195,48,7,1,NA,NA,0,0
2020-08-20,"UAB „Medicina practica laboratorija“",411,80,410,80,1,0,NA,NA,25,1
2020-08-20,"UAB „SK Impeks Medicinos diagnostikos centras“",96,0,94,0,2,0,NA,NA,0,0
2020-08-20,"VU ligoninės Santaros klinikų laboratorija",682,0,676,0,6,0,NA,NA,4,0
2020-08-23,"Klaipėdos universitetinės ligoninės laboratorija",284,137,281,134,3,2,NA,NA,0,0
2020-08-23,"LSMU ligoninės Kauno klinikų laboratorija",429,196,424,192,5,3,NA,NA,0,0
2020-08-23,"Nacionalinio maisto ir veterinarijos rizikos vertinimo instituto laboratorija",465,437,450,422,15,15,NA,NA,18,18
2020-08-23,"Respublikinės Panevėžio ligoninės laboratorija",38,0,37,0,1,0,NA,NA,0,0
2020-08-23,"Respublikinės Šiaulių ligoninės laboratorija",89,0,89,0,0,0,NA,NA,0,0
2020-08-23,"UAB „Diagnostikos laboratorija“ („Antėja“)",6,0,6,0,0,0,NA,NA,0,0
2020-08-23,"UAB „Medicina practica laboratorija“",50,2,50,2,0,0,NA,NA,0,0
2020-08-23,"VU ligoninės Santaros klinikų laboratorija",274,0,269,0,5,0,NA,NA,3,0
2020-08-24,"Klaipėdos universitetinės ligoninės laboratorija",608,203,602,197,6,5,NA,NA,0,0
2020-08-24,"LSMU ligoninės Kauno klinikų laboratorija",953,75,946,73,7,2,NA,NA,256,256
2020-08-24,"Nacionalinė visuomenės sveikatos priežiūros laboratorija",105,25,102,25,3,0,NA,NA,35,0
2020-08-24,"Nacionalinio maisto ir veterinarijos rizikos vertinimo instituto laboratorija",558,466,541,450,17,12,NA,NA,26,0
2020-08-24,"Nacionalinio vėžio instituto laboratorija",112,0,112,0,0,0,NA,NA,1,0
2020-08-24,"Respublikinės Panevėžio ligoninės laboratorija",93,0,93,0,0,0,NA,NA,0,0
2020-08-24,"Respublikinės Šiaulių ligoninės laboratorija",282,75,282,75,0,0,NA,NA,0,0
2020-08-24,"UAB „Baltic Medics“",115,45,115,45,0,0,NA,NA,0,0
2020-08-24,"UAB „Diagnostikos laboratorija“ („Antėja“)",111,14,109,13,2,1,NA,NA,193,27
2020-08-24,"UAB „Medicina practica laboratorija“",517,91,513,87,4,4,NA,NA,0,0
2020-08-24,"UAB „SK Impeks Medicinos diagnostikos centras“",108,0,108,0,0,0,NA,NA,0,0
2020-08-24,"VU ligoninės Santaros klinikų laboratorija",995,0,978,0,17,0,NA,NA,0,0
2020-08-25,"Klaipėdos universitetinės ligoninės laboratorija",549,199,544,194,5,3,NA,NA,0,0
2020-08-25,"LSMU ligoninės Kauno klinikų laboratorija",982,82,980,82,2,0,NA,NA,165,150
2020-08-25,"Nacionalinė visuomenės sveikatos priežiūros laboratorija",341,0,340,0,1,0,NA,NA,40,0
2020-08-25,"Nacionalinio maisto ir veterinarijos rizikos vertinimo instituto laboratorija",651,469,641,459,10,9,NA,NA,12,0
2020-08-25,"Respublikinės Panevėžio ligoninės laboratorija",72,0,72,0,0,0,NA,NA,0,0
2020-08-25,"Respublikinės Šiaulių ligoninės laboratorija",356,78,356,78,0,0,NA,NA,0,0
2020-08-25,"UAB „Baltic Medics“",29,0,29,0,0,0,NA,NA,0,0
2020-08-25,"UAB „Diagnostikos laboratorija“ („Antėja“)",480,261,471,255,9,3,NA,NA,604,89
2020-08-25,"UAB „Invitro diagnostika“",165,58,157,52,8,6,NA,NA,1,0
2020-08-25,"UAB „Medicina practica laboratorija“",505,65,496,61,9,4,NA,NA,0,0
2020-08-25,"UAB „SK Impeks Medicinos diagnostikos centras“",72,0,72,0,0,0,NA,NA,0,0
2020-08-25,"VU ligoninės Santaros klinikų laboratorija",879,0,876,0,3,0,NA,NA,2,0
2020-08-26,"Klaipėdos universitetinės ligoninės laboratorija",487,173,482,170,5,1,NA,NA,0,0
2020-08-26,"LSMU ligoninės Kauno klinikų laboratorija",1435,482,1430,479,5,3,NA,NA,0,0
2020-08-26,"Nacionalinė visuomenės sveikatos priežiūros laboratorija",431,22,428,22,3,0,NA,NA,45,0
2020-08-26,"Nacionalinio maisto ir veterinarijos rizikos vertinimo instituto laboratorija",650,470,630,450,20,18,NA,NA,155,100
2020-08-26,"Nacionalinio vėžio instituto laboratorija",71,0,71,0,0,0,NA,NA,0,0
2020-08-26,"Respublikinės Panevėžio ligoninės laboratorija",74,0,74,0,0,0,NA,NA,0,0
2020-08-26,"Respublikinės Šiaulių ligoninės laboratorija",325,77,325,77,0,0,NA,NA,0,0
2020-08-26,"UAB „Baltic Medics“",84,44,84,44,0,0,NA,NA,0,0
2020-08-26,"UAB „Diagnostikos laboratorija“ („Antėja“)",557,44,555,43,2,0,NA,NA,485,373
2020-08-26,"UAB „Invitro diagnostika“",167,65,157,57,10,7,NA,NA,0,0
2020-08-26,"UAB „Medicina practica laboratorija“",359,48,357,46,2,2,NA,NA,0,0
2020-08-26,"UAB „SK Impeks Medicinos diagnostikos centras“",120,0,120,0,0,0,NA,NA,0,0
2020-08-26,"VU ligoninės Santaros klinikų laboratorija",676,0,670,0,6,0,NA,NA,15,0
2020-08-27,"Klaipėdos universitetinės ligoninės laboratorija",516,187,510,183,6,1,NA,NA,0,0
2020-08-27,"LSMU ligoninės Kauno klinikų laboratorija",1095,258,1089,255,6,3,NA,NA,0,0
2020-08-27,"Nacionalinė visuomenės sveikatos priežiūros laboratorija",430,0,426,0,4,0,NA,NA,45,0
2020-08-27,"Nacionalinio maisto ir veterinarijos rizikos vertinimo instituto laboratorija",558,437,553,432,5,4,NA,NA,50,0
2020-08-27,"Respublikinės Panevėžio ligoninės laboratorija",83,0,83,0,0,0,NA,NA,0,0
2020-08-27,"Respublikinės Šiaulių ligoninės laboratorija",316,59,312,59,4,0,NA,NA,0,0
2020-08-27,"UAB „Baltic Medics“",37,0,37,0,0,0,NA,NA,0,0
2020-08-27,"UAB „Diagnostikos laboratorija“ („Antėja“)",833,406,823,397,10,5,NA,NA,400,200
2020-08-27,"UAB „Invitro diagnostika“",133,53,130,53,3,0,NA,NA,0,0
2020-08-27,"UAB „Medicina practica laboratorija“",590,94,587,93,3,1,NA,NA,1,1
2020-08-27,"UAB „SK Impeks Medicinos diagnostikos centras“",60,0,59,0,1,0,NA,NA,0,0
2020-08-27,"VU ligoninės Santaros klinikų laboratorija",951,0,946,0,5,0,NA,NA,2,0
2020-08-30,"Klaipėdos universitetinės ligoninės laboratorija",182,77,181,76,1,0,NA,NA,0,0
2020-08-30,"LSMU ligoninės Kauno klinikų laboratorija",449,137,436,135,13,2,NA,NA,0,0
2020-08-30,"Nacionalinio maisto ir veterinarijos rizikos vertinimo instituto laboratorija",466,442,452,428,14,9,NA,NA,186,120
2020-08-30,"Respublikinės Panevėžio ligoninės laboratorija",43,0,43,0,0,0,NA,NA,0,0
2020-08-30,"Respublikinės Šiaulių ligoninės laboratorija",88,0,88,0,0,0,NA,NA,0,0
2020-08-30,"UAB „Diagnostikos laboratorija“ („Antėja“)",4,1,4,1,0,0,NA,NA,0,0
2020-08-30,"UAB „Medicina practica laboratorija“",48,28,48,28,0,0,NA,NA,0,0
2020-08-30,"VU ligoninės Santaros klinikų laboratorija",255,0,252,0,3,0,NA,NA,5,0
2020-08-31,"Klaipėdos universitetinės ligoninės laboratorija",561,208,556,203,5,1,NA,NA,0,0
2020-08-31,"LSMU ligoninės Kauno klinikų laboratorija",1126,257,1114,256,12,1,NA,NA,0,0
2020-08-31,"Nacionalinė visuomenės sveikatos priežiūros laboratorija",75,37,75,37,0,0,NA,NA,45,0
2020-08-31,"Nacionalinio maisto ir veterinarijos rizikos vertinimo instituto laboratorija",744,562,733,551,11,8,NA,NA,161,120
2020-08-31,"Nacionalinio vėžio instituto laboratorija",109,0,109,0,0,0,NA,NA,0,0
2020-08-31,"Respublikinės Panevėžio ligoninės laboratorija",70,0,69,0,1,0,NA,NA,0,0
2020-08-31,"Respublikinės Šiaulių ligoninės laboratorija",274,77,272,75,2,2,NA,NA,0,0
2020-08-31,"UAB „Baltic Medics“",141,99,140,98,1,1,NA,NA,0,0
2020-08-31,"UAB „Diagnostikos laboratorija“ („Antėja“)",188,40,188,40,0,0,NA,NA,93,0
2020-08-31,"UAB „Medicina practica laboratorija“",358,125,357,125,1,0,NA,NA,0,0
2020-08-31,"UAB „SK Impeks Medicinos diagnostikos centras“",94,0,94,0,0,0,NA,NA,0,0
2020-08-31,"VU ligoninės Santaros klinikų laboratorija",920,0,910,0,10,0,NA,NA,0,0
2020-09-01,"Klaipėdos universitetinės ligoninės laboratorija",514,139,509,135,5,1,NA,NA,0,0
2020-09-01,"LSMU ligoninės Kauno klinikų laboratorija",1039,275,1031,269,8,5,NA,NA,0,0
2020-09-01,"Nacionalinė visuomenės sveikatos priežiūros laboratorija",250,0,249,0,1,0,NA,NA,50,0
2020-09-01,"Nacionalinio maisto ir veterinarijos rizikos vertinimo instituto laboratorija",651,446,639,434,12,7,NA,NA,174,153
2020-09-01,"Respublikinės Panevėžio ligoninės laboratorija",63,0,63,0,1,0,NA,NA,0,0
2020-09-01,"Respublikinės Šiaulių ligoninės laboratorija",384,77,382,76,2,1,NA,NA,0,0
2020-09-01,"UAB „Baltic Medics“",106,48,106,48,0,0,NA,NA,0,0
2020-09-01,"UAB „Diagnostikos laboratorija“ („Antėja“)",337,3,336,2,1,1,NA,NA,363,49
2020-09-01,"UAB „Invitro diagnostika“",195,0,192,0,3,0,NA,NA,0,0
2020-09-01,"UAB „Medicina practica laboratorija“",610,108,604,107,6,1,NA,NA,0,0
2020-09-01,"UAB „SK Impeks Medicinos diagnostikos centras“",143,0,142,0,1,0,NA,NA,0,0
2020-09-01,"VU ligoninės Santaros klinikų laboratorija",867,0,864,0,3,0,NA,NA,2,0
2020-09-02,"Klaipėdos universitetinės ligoninės laboratorija",479,147,475,144,4,1,NA,NA,0,0
2020-09-02,"LSMU ligoninės Kauno klinikų laboratorija",1010,233,1005,232,5,0,NA,NA,0,0
2020-09-02,"Nacionalinė visuomenės sveikatos priežiūros laboratorija",250,0,249,0,1,0,NA,NA,45,0
2020-09-02,"Nacionalinio maisto ir veterinarijos rizikos vertinimo instituto laboratorija",372,302,360,290,12,8,NA,NA,400,350
2020-09-02,"Nacionalinio vėžio instituto laboratorija",85,0,85,0,0,0,NA,NA,0,0
2020-09-02,"Respublikinės Panevėžio ligoninės laboratorija",71,0,69,0,2,0,NA,NA,0,0
2020-09-02,"Respublikinės Šiaulių ligoninės laboratorija",357,74,354,71,3,3,NA,NA,0,0
2020-09-02,"UAB „Baltic Medics“",177,133,174,130,3,1,NA,NA,0,0
2020-09-02,"UAB „Diagnostikos laboratorija“ („Antėja“)",562,78,562,78,0,0,NA,NA,53,0
2020-09-02,"UAB „Invitro diagnostika“",112,52,109,50,3,1,NA,NA,0,0
2020-09-02,"UAB „Medicina practica laboratorija“",461,43,459,43,2,0,NA,NA,0,0
2020-09-02,"UAB „SK Impeks Medicinos diagnostikos centras“",57,0,57,0,0,0,NA,NA,0,0
2020-09-02,"VU ligoninės Santaros klinikų laboratorija",888,0,878,0,10,0,NA,NA,0,0
2020-09-03,"Klaipėdos universitetinės ligoninės laboratorija",377,88,377,88,0,0,NA,NA,0,0
2020-09-03,"LSMU ligoninės Kauno klinikų laboratorija",1017,247,1010,246,7,0,NA,NA,0,0
2020-09-03,"Nacionalinė visuomenės sveikatos priežiūros laboratorija",242,12,242,12,0,0,NA,NA,40,0
2020-09-03,"Nacionalinio maisto ir veterinarijos rizikos vertinimo instituto laboratorija",930,522,902,495,28,6,NA,NA,300,120
2020-09-03,"Respublikinės Panevėžio ligoninės laboratorija",47,0,47,0,0,0,NA,NA,0,0
2020-09-03,"Respublikinės Šiaulių ligoninės laboratorija",325,41,325,41,0,0,NA,NA,0,0
2020-09-03,"UAB „Baltic Medics“",97,47,97,47,0,0,NA,NA,0,0
2020-09-03,"UAB „Diagnostikos laboratorija“ („Antėja“)",437,264,420,247,17,4,NA,NA,154,0
2020-09-03,"UAB „Invitro diagnostika“",207,52,203,51,4,0,NA,NA,110,0
2020-09-03,"UAB „Medicina practica laboratorija“",462,145,458,144,4,1,NA,NA,0,0
2020-09-03,"UAB „SK Impeks Medicinos diagnostikos centras“",104,0,104,0,0,0,NA,NA,0,0
2020-09-03,"VU ligoninės Santaros klinikų laboratorija",673,0,668,0,5,0,NA,NA,7,0
2020-09-06,"Klaipėdos universitetinės ligoninės laboratorija",199,87,194,84,5,3,NA,NA,0,0
2020-09-06,"LSMU ligoninės Kauno klinikų laboratorija",325,133,324,133,1,0,NA,NA,0,0
2020-09-06,"Nacionalinio maisto ir veterinarijos rizikos vertinimo instituto laboratorija",186,166,169,149,17,7,NA,NA,60,60
2020-09-06,"Respublikinės Panevėžio ligoninės laboratorija",20,0,20,0,0,0,NA,NA,0,0
2020-09-06,"Respublikinės Šiaulių ligoninės laboratorija",84,0,83,0,1,0,NA,NA,0,0
2020-09-06,"UAB „Baltic Medics“",14,14,14,14,0,0,NA,NA,0,0
2020-09-06,"UAB „Diagnostikos laboratorija“ („Antėja“)",3,0,3,0,0,0,NA,NA,0,0
2020-09-06,"UAB „Medicina practica laboratorija“",56,19,55,18,1,1,NA,NA,0,0
2020-09-06,"VU ligoninės Santaros klinikų laboratorija",258,0,255,0,3,0,NA,NA,0,0
2020-09-07,"Klaipėdos universitetinės ligoninės laboratorija",518,139,508,129,10,5,NA,NA,0,0
2020-09-07,"LSMU ligoninės Kauno klinikų laboratorija",956,180,945,175,11,5,NA,NA,0,0
2020-09-07,"Nacionalinė visuomenės sveikatos priežiūros laboratorija",124,49,124,49,0,0,NA,NA,35,0
2020-09-07,"Nacionalinio maisto ir veterinarijos rizikos vertinimo instituto laboratorija",457,334,441,318,16,13,NA,NA,84,74
2020-09-07,"Nacionalinio vėžio instituto laboratorija",126,0,126,0,0,0,NA,NA,0,0
2020-09-07,"Respublikinės Panevėžio ligoninės laboratorija",58,0,58,0,0,0,NA,NA,0,0
2020-09-07,"Respublikinės Šiaulių ligoninės laboratorija",308,56,307,55,1,0,NA,NA,0,0
2020-09-07,"Tauragės ligoninės laboratorija",1,0,1,0,0,0,NA,NA,0,0
2020-09-07,"UAB „Baltic Medics“",132,98,132,98,0,0,NA,NA,0,0
2020-09-07,"UAB „Diagnostikos laboratorija“ („Antėja“)",172,9,172,9,0,0,NA,NA,47,22
2020-09-07,"UAB „Medicina practica laboratorija“",528,98,525,98,3,0,NA,NA,0,0
2020-09-07,"UAB „SK Impeks Medicinos diagnostikos centras“",84,0,82,0,2,0,NA,NA,0,0
2020-09-07,"VU ligoninės Santaros klinikų laboratorija",903,0,898,0,5,0,NA,NA,5,0
2020-09-08,"Klaipėdos universitetinės ligoninės laboratorija",527,139,524,136,3,1,NA,NA,0,0
2020-09-08,"LSMU ligoninės Kauno klinikų laboratorija",909,184,905,182,4,2,NA,NA,0,0
2020-09-08,"Nacionalinė visuomenės sveikatos priežiūros laboratorija",233,0,231,0,2,0,NA,NA,40,0
2020-09-08,"Nacionalinio maisto ir veterinarijos rizikos vertinimo instituto laboratorija",465,376,450,361,15,10,NA,NA,84,74
2020-09-08,"Respublikinės Panevėžio ligoninės laboratorija",84,0,83,0,1,0,NA,NA,0,0
2020-09-08,"Respublikinės Šiaulių ligoninės laboratorija",475,145,472,142,3,3,NA,NA,0,0
2020-09-08,"Tauragės ligoninės laboratorija",1,0,1,0,0,0,NA,NA,0,0
2020-09-08,"UAB „Baltic Medics“",118,69,118,69,0,0,NA,NA,0,0
2020-09-08,"UAB „Diagnostikos laboratorija“ („Antėja“)",349,49,348,48,1,1,NA,NA,364,22
2020-09-08,"UAB „Invitro diagnostika“",233,61,223,52,10,2,NA,NA,0,0
2020-09-08,"UAB „Medicina practica laboratorija“",798,122,793,120,5,1,NA,NA,0,0
2020-09-08,"UAB „SK Impeks Medicinos diagnostikos centras“",132,0,132,0,0,0,NA,NA,2,0
2020-09-08,"VU ligoninės Santaros klinikų laboratorija",979,0,977,0,2,0,NA,NA,4,0
2020-09-09,"Klaipėdos universitetinės ligoninės laboratorija",443,153,437,148,6,3,NA,NA,0,0
2020-09-09,"LSMU ligoninės Kauno klinikų laboratorija",1073,388,1067,385,6,3,NA,NA,0,0
2020-09-09,"Nacionalinė visuomenės sveikatos priežiūros laboratorija",250,0,248,0,2,0,NA,NA,40,0
2020-09-09,"Nacionalinio maisto ir veterinarijos rizikos vertinimo instituto laboratorija",651,450,623,423,28,13,NA,NA,165,120
2020-09-09,"Nacionalinio vėžio instituto laboratorija",102,0,102,0,0,0,NA,NA,0,0
2020-09-09,"Respublikinės Panevėžio ligoninės laboratorija",54,0,53,0,1,0,NA,NA,0,0
2020-09-09,"Respublikinės Šiaulių ligoninės laboratorija",362,137,348,126,15,11,NA,NA,0,0
2020-09-09,"UAB „Baltic Medics“",174,131,170,127,4,4,NA,NA,0,0
2020-09-09,"UAB „Diagnostikos laboratorija“ („Antėja“)",563,45,562,45,1,0,NA,NA,140,0
2020-09-09,"UAB „Invitro diagnostika“",140,44,136,41,4,1,NA,NA,35,6
2020-09-09,"UAB „Medicina practica laboratorija“",636,85,632,85,4,0,NA,NA,0,0
2020-09-09,"UAB „SK Impeks Medicinos diagnostikos centras“",56,0,56,0,0,0,NA,NA,0,0
2020-09-09,"VU ligoninės Santaros klinikų laboratorija",993,0,990,0,3,0,NA,NA,1,0
2020-09-10,"Klaipėdos universitetinės ligoninės laboratorija",521,165,511,157,10,7,NA,NA,0,0
2020-09-10,"LSMU ligoninės Kauno klinikų laboratorija",812,239,812,239,0,0,NA,NA,0,0
2020-09-10,"Nacionalinė visuomenės sveikatos priežiūros laboratorija",247,0,246,0,1,0,NA,NA,40,0
2020-09-10,"Nacionalinio maisto ir veterinarijos rizikos vertinimo instituto laboratorija",558,437,538,417,20,9,NA,NA,186,150
2020-09-10,"Respublikinės Šiaulių ligoninės laboratorija",468,148,448,132,20,16,NA,NA,0,0
2020-09-10,"UAB „Baltic Medics“",117,88,115,86,2,2,NA,NA,0,0
2020-09-10,"UAB „Diagnostikos laboratorija“ („Antėja“)",463,294,458,289,5,5,NA,NA,180,0
2020-09-10,"UAB „Invitro diagnostika“",220,57,214,53,6,1,NA,NA,1,1
2020-09-10,"UAB „Medicina practica laboratorija“",749,138,739,128,10,9,NA,NA,3,1
2020-09-10,"UAB „SK Impeks Medicinos diagnostikos centras“",72,0,72,0,0,0,NA,NA,0,0
2020-09-10,"VU ligoninės Santaros klinikų laboratorija",794,0,791,0,3,0,NA,NA,6,0
2020-09-13,"Klaipėdos universitetinės ligoninės laboratorija",213,96,212,95,1,1,NA,NA,0,0
2020-09-13,"LSMU ligoninės Kauno klinikų laboratorija",401,159,388,148,13,8,NA,NA,0,0
2020-09-13,"Nacionalinio maisto ir veterinarijos rizikos vertinimo instituto laboratorija",186,149,184,147,2,1,NA,NA,72,72
2020-09-13,"Respublikinės Panevėžio ligoninės laboratorija",47,0,47,0,0,0,NA,NA,0,0
2020-09-13,"Respublikinės Šiaulių ligoninės laboratorija",111,0,109,0,2,0,NA,NA,0,0
2020-09-13,"UAB „Baltic Medics“",83,0,83,0,0,0,NA,NA,0,0
2020-09-13,"UAB „Medicina practica laboratorija“",112,25,109,23,3,2,NA,NA,0,0
2020-09-13,"VU ligoninės Santaros klinikų laboratorija",229,0,229,0,0,0,NA,NA,4,0
2020-09-14,"Klaipėdos universitetinės ligoninės laboratorija",571,150,566,146,5,3,NA,NA,0,0
2020-09-14,"LSMU ligoninės Kauno klinikų laboratorija",508,0,505,0,3,0,NA,NA,0,0
2020-09-14,"Nacionalinė visuomenės sveikatos priežiūros laboratorija",64,47,64,47,0,0,NA,NA,30,0
2020-09-14,"Nacionalinio maisto ir veterinarijos rizikos vertinimo instituto laboratorija",558,412,536,390,22,15,NA,NA,61,61
2020-09-14,"Nacionalinio vėžio instituto laboratorija",140,0,140,0,0,0,NA,NA,0,0
2020-09-14,"Respublikinės Panevėžio ligoninės laboratorija",72,0,71,0,1,0,NA,NA,0,0
2020-09-14,"Respublikinės Šiaulių ligoninės laboratorija",415,68,412,67,3,1,NA,NA,67,51
2020-09-14,"Tauragės ligoninės laboratorija",1,0,1,0,0,0,NA,NA,0,0
2020-09-14,"UAB „Baltic Medics“",339,292,334,287,5,5,NA,NA,0,0
2020-09-14,"UAB „Diagnostikos laboratorija“ („Antėja“)",188,46,188,46,0,0,NA,NA,97,0
2020-09-14,"UAB „Medicina practica laboratorija“",728,119,722,116,6,3,NA,NA,0,0
2020-09-14,"UAB „SK Impeks Medicinos diagnostikos centras“",73,0,72,0,1,0,NA,NA,0,0
2020-09-14,"VU ligoninės Santaros klinikų laboratorija",962,0,957,0,5,0,NA,NA,7,0
2020-09-15,"Klaipėdos universitetinės ligoninės laboratorija",544,176,538,174,6,2,NA,NA,0,0
2020-09-15,"LSMU ligoninės Kauno klinikų laboratorija",597,0,592,0,5,0,NA,NA,0,0
2020-09-15,"Nacionalinė visuomenės sveikatos priežiūros laboratorija",340,0,338,0,2,0,NA,NA,50,0
2020-09-15,"Nacionalinio maisto ir veterinarijos rizikos vertinimo instituto laboratorija",651,499,622,471,29,15,NA,NA,6,0
2020-09-15,"Respublikinės Panevėžio ligoninės laboratorija",78,0,77,0,1,0,NA,NA,0,0
2020-09-15,"Respublikinės Šiaulių ligoninės laboratorija",490,141,474,131,16,10,NA,NA,94,14
2020-09-15,"UAB „Baltic Medics“",282,220,280,218,2,2,NA,NA,0,0
2020-09-15,"UAB „Diagnostikos laboratorija“ („Antėja“)",1001,388,977,366,24,13,NA,NA,97,0
2020-09-15,"UAB „Invitro diagnostika“",333,65,314,62,19,0,NA,NA,3,1
2020-09-15,"UAB „Medicina practica laboratorija“",723,98,713,98,10,0,NA,NA,25,5
2020-09-15,"UAB „SK Impeks Medicinos diagnostikos centras“",93,0,93,0,0,0,NA,NA,0,0
2020-09-15,"VU ligoninės Santaros klinikų laboratorija",947,0,946,0,1,0,NA,NA,4,0
2020-09-16,"Klaipėdos universitetinės ligoninės laboratorija",489,155,486,154,3,1,NA,NA,0,0
2020-09-16,"LSMU ligoninės Kauno klinikų laboratorija",513,0,510,0,3,0,NA,NA,0,0
2020-09-16,"Nacionalinė visuomenės sveikatos priežiūros laboratorija",186,6,184,6,2,0,NA,NA,50,0
2020-09-16,"Nacionalinio maisto ir veterinarijos rizikos vertinimo instituto laboratorija",651,416,621,389,30,13,NA,NA,200,150
2020-09-16,"Nacionalinio vėžio instituto laboratorija",88,0,88,0,0,0,NA,NA,0,0
2020-09-16,"Respublikinės Panevėžio ligoninės laboratorija",59,0,58,0,1,0,NA,NA,0,0
2020-09-16,"Respublikinės Šiaulių ligoninės laboratorija",391,13,371,13,20,7,NA,NA,300,140
2020-09-16,"UAB „Diagnostikos laboratorija“ („Antėja“ Kaunas)",183,158,178,153,5,4,NA,NA,94,94
2020-09-16,"UAB „Diagnostikos laboratorija“ („Antėja“ Vilnius)",304,65,304,65,0,0,NA,NA,70,0
2020-09-16,"UAB „Invitro diagnostika“",316,41,286,35,30,0,NA,NA,0,0
2020-09-16,"UAB „Medicina practica laboratorija“",799,93,790,90,9,3,NA,NA,1,0
2020-09-16,"UAB „SK Impeks Medicinos diagnostikos centras“",84,0,83,0,1,0,NA,NA,0,0
2020-09-16,"VU ligoninės Santaros klinikų laboratorija",826,0,819,0,7,0,NA,NA,3,0
2020-09-17,"Klaipėdos universitetinės ligoninės laboratorija",499,127,494,124,5,4,NA,NA,0,0
2020-09-17,"LSMU ligoninės Kauno klinikų laboratorija",376,0,376,0,0,0,NA,NA,0,0
2020-09-17,"Nacionalinė visuomenės sveikatos priežiūros laboratorija",326,13,322,13,4,0,NA,NA,45,0
2020-09-17,"Nacionalinio maisto ir veterinarijos rizikos vertinimo instituto laboratorija",651,487,618,455,33,24,NA,NA,48,48
2020-09-17,"Respublikinės Panevėžio ligoninės laboratorija",55,0,55,0,0,0,NA,NA,0,0
2020-09-17,"Respublikinės Šiaulių ligoninės laboratorija",375,29,373,29,2,0,NA,NA,200,0
2020-09-17,"UAB „Baltic Medics“",498,190,495,187,3,3,NA,NA,0,0
2020-09-17,"UAB „Diagnostikos laboratorija“ („Antėja“ Kaunas)",559,330,548,319,11,8,NA,NA,258,94
2020-09-17,"UAB „Diagnostikos laboratorija“ („Antėja“ Vilnius)",342,59,304,58,38,0,NA,NA,82,0
2020-09-17,"UAB „Invitro diagnostika“",247,25,241,25,6,0,NA,NA,1,0
2020-09-17,"UAB „Medicina practica laboratorija“",944,105,937,101,7,0,NA,NA,2,1
2020-09-17,"UAB „SK Impeks Medicinos diagnostikos centras“",72,0,72,0,0,0,NA,NA,0,0
2020-09-17,"VU ligoninės Santaros klinikų laboratorija",920,0,917,0,3,0,NA,NA,0,0
2020-09-20,"Klaipėdos universitetinės ligoninės laboratorija",194,66,193,65,1,1,NA,NA,0,0
2020-09-20,"LSMU ligoninės Kauno klinikų laboratorija",120,0,120,0,0,0,NA,NA,0,0
2020-09-20,"Nacionalinio maisto ir veterinarijos rizikos vertinimo instituto laboratorija",272,251,251,230,21,11,NA,NA,76,0
2020-09-20,"Respublikinės Panevėžio ligoninės laboratorija",54,0,54,0,0,0,NA,NA,0,0
2020-09-20,"Respublikinės Šiaulių ligoninės laboratorija",157,0,151,0,6,0,NA,NA,0,0
2020-09-20,"UAB „Baltic Medics“",24,0,24,0,0,0,NA,NA,0,0
2020-09-20,"UAB „Diagnostikos laboratorija“ („Antėja“ Kaunas)",166,147,149,130,17,16,NA,NA,94,22
2020-09-20,"UAB „Medicina practica laboratorija“",126,22,123,22,3,0,NA,NA,0,0
2020-09-20,"VU ligoninės Santaros klinikų laboratorija",256,0,256,0,0,0,NA,NA,0,0
2020-09-21,"Klaipėdos universitetinės ligoninės laboratorija",595,141,586,133,9,0,NA,NA,0,0
2020-09-21,"LSMU ligoninės Kauno klinikų laboratorija",498,0,498,0,0,0,NA,NA,0,0
2020-09-21,"Nacionalinė visuomenės sveikatos priežiūros laboratorija",73,39,73,39,0,0,NA,NA,45,0
2020-09-21,"Nacionalinio maisto ir veterinarijos rizikos vertinimo instituto laboratorija",559,385,531,366,28,19,NA,NA,153,140
2020-09-21,"Nacionalinio vėžio instituto laboratorija",114,0,114,0,0,0,NA,NA,0,0
2020-09-21,"Respublikinės Panevėžio ligoninės laboratorija",63,0,63,0,0,0,NA,NA,0,0
2020-09-21,"Respublikinės Šiaulių ligoninės laboratorija",364,0,350,0,14,0,NA,NA,300,179
2020-09-21,"UAB „Baltic Medics“",258,120,244,106,14,13,NA,NA,0,0
2020-09-21,"UAB „Diagnostikos laboratorija“ („Antėja“ Kaunas)",370,191,355,176,15,14,NA,NA,98,98
2020-09-21,"UAB „Diagnostikos laboratorija“ („Antėja“ Vilnius)",294,30,291,30,3,0,NA,NA,56,0
2020-09-21,"UAB „Medicina practica laboratorija“",1076,70,1016,68,60,0,NA,NA,7,0
2020-09-21,"UAB „SK Impeks Medicinos diagnostikos centras“",101,0,101,0,0,0,NA,NA,0,0
2020-09-21,"VU ligoninės Santaros klinikų laboratorija",1051,0,1046,0,5,0,NA,NA,0,0
2020-09-22,"Klaipėdos universitetinės ligoninės laboratorija",508,90,506,88,2,1,NA,NA,0,0
2020-09-22,"LSMU ligoninės Kauno klinikų laboratorija",423,0,421,0,2,0,NA,NA,0,0
2020-09-22,"Nacionalinė visuomenės sveikatos priežiūros laboratorija",285,3,282,3,3,0,NA,NA,45,0
2020-09-22,"Nacionalinio maisto ir veterinarijos rizikos vertinimo instituto laboratorija",559,453,526,422,33,19,NA,NA,200,140
2020-09-22,"Respublikinės Panevėžio ligoninės laboratorija",48,0,46,0,2,0,NA,NA,0,0
2020-09-22,"Respublikinės Šiaulių ligoninės laboratorija",399,129,363,104,36,24,NA,NA,70,0
2020-09-22,"Tauragės ligoninės laboratorija",1,0,1,0,0,0,NA,NA,0,0
2020-09-22,"UAB „Baltic Medics“",250,205,236,191,14,12,NA,NA,0,0
2020-09-22,"UAB „Diagnostikos laboratorija“ („Antėja“ Kaunas)",557,324,524,293,33,29,NA,NA,45,45
2020-09-22,"UAB „Diagnostikos laboratorija“ („Antėja“ Vilnius)",465,95,459,90,6,4,NA,NA,208,59
2020-09-22,"UAB „Invitro diagnostika“",267,52,257,45,10,0,NA,NA,1,0
2020-09-22,"UAB „Medicina practica laboratorija“",946,80,930,77,16,3,NA,NA,1,0
2020-09-22,"UAB „SK Impeks Medicinos diagnostikos centras“",84,0,84,0,2,0,NA,NA,0,0
2020-09-22,"VU ligoninės Santaros klinikų laboratorija",857,9,854,9,3,0,NA,NA,4,0
2020-09-23,"Klaipėdos universitetinės ligoninės laboratorija",650,216,641,207,9,7,NA,NA,0,0
2020-09-23,"LSMU ligoninės Kauno klinikų laboratorija",492,0,491,0,1,0,NA,NA,0,0
2020-09-23,"Nacionalinė visuomenės sveikatos priežiūros laboratorija",343,1,341,1,2,0,NA,NA,45,0
2020-09-23,"Nacionalinio maisto ir veterinarijos rizikos vertinimo instituto laboratorija",651,452,611,414,40,28,NA,NA,4,0
2020-09-23,"Nacionalinio vėžio instituto laboratorija",72,0,72,0,0,0,NA,NA,3,0
2020-09-23,"Respublikinės Panevėžio ligoninės laboratorija",130,0,128,0,2,0,NA,NA,0,0
2020-09-23,"Respublikinės Šiaulių ligoninės laboratorija",627,9,618,9,9,0,NA,NA,0,0
2020-09-23,"Tauragės ligoninės laboratorija",1,0,1,0,0,0,NA,NA,0,0
2020-09-23,"UAB „Baltic Medics“",264,125,235,98,29,27,NA,NA,0,0
2020-09-23,"UAB „Diagnostikos laboratorija“ („Antėja“ Kaunas)",550,313,535,299,15,14,NA,NA,64,64
2020-09-23,"UAB „Diagnostikos laboratorija“ („Antėja“ Vilnius)",687,303,680,296,7,7,NA,NA,207,92
2020-09-23,"UAB „Invitro diagnostika“",190,73,183,69,7,1,NA,NA,0,0
2020-09-23,"UAB „Medicina practica laboratorija“",948,89,937,87,11,2,NA,NA,1,0
2020-09-23,"UAB „SK Impeks Medicinos diagnostikos centras“",60,0,59,0,1,0,NA,NA,0,0
2020-09-23,"VU ligoninės Santaros klinikų laboratorija",948,0,940,0,8,0,NA,NA,7,0
2020-09-24,"Klaipėdos universitetinės ligoninės laboratorija",475,110,467,102,8,2,NA,NA,0,0
2020-09-24,"LSMU ligoninės Kauno klinikų laboratorija",415,0,414,0,1,0,NA,NA,0,0
2020-09-24,"Nacionalinė visuomenės sveikatos priežiūros laboratorija",346,3,345,3,1,0,NA,NA,45,0
2020-09-24,"Nacionalinio maisto ir veterinarijos rizikos vertinimo instituto laboratorija",651,470,622,441,29,15,NA,NA,186,0
2020-09-24,"Respublikinės Panevėžio ligoninės laboratorija",92,0,92,0,0,0,NA,NA,0,0
2020-09-24,"Respublikinės Šiaulių ligoninės laboratorija",524,0,515,0,9,0,NA,NA,170,0
2020-09-24,"UAB „Baltic Medics“",457,179,391,113,66,66,NA,NA,0,0
2020-09-24,"UAB „Diagnostikos laboratorija“ („Antėja“ Kaunas)",376,203,370,197,6,4,NA,NA,57,57
2020-09-24,"UAB „Diagnostikos laboratorija“ („Antėja“ Vilnius)",648,265,634,253,14,11,NA,NA,290,97
2020-09-24,"UAB „Invitro diagnostika“",110,1,107,1,3,0,NA,NA,0,0
2020-09-24,"UAB „Medicina practica laboratorija“",988,84,979,81,9,3,NA,NA,4,0
2020-09-24,"UAB „SK Impeks Medicinos diagnostikos centras“",94,0,92,0,2,0,NA,NA,0,0
2020-09-24,"VU ligoninės Santaros klinikų laboratorija",852,0,851,0,1,0,NA,NA,0,0
2020-09-27,"Klaipėdos universitetinės ligoninės laboratorija",172,47,171,46,1,0,NA,NA,0,0
2020-09-27,"LSMU ligoninės Kauno klinikų laboratorija",149,0,147,0,2,0,NA,NA,0,0
2020-09-27,"Respublikinės Panevėžio ligoninės laboratorija",48,0,48,0,0,0,NA,NA,0,0
2020-09-27,"Respublikinės Šiaulių ligoninės laboratorija",221,112,196,90,25,21,NA,NA,0,0
2020-09-27,"UAB „Baltic Medics“",110,58,102,51,8,7,NA,NA,0,0
2020-09-27,"UAB „Diagnostikos laboratorija“ („Antėja“ Kaunas)",94,94,84,84,10,10,NA,NA,22,22
2020-09-27,"UAB „Diagnostikos laboratorija“ („Antėja“ Vilnius)",180,163,171,154,9,9,NA,NA,20,19
2020-09-27,"UAB „Medicina practica laboratorija“",99,10,99,10,0,0,NA,NA,1,0
2020-09-27,"VU ligoninės Santaros klinikų laboratorija",292,0,288,0,4,0,NA,NA,0,0
2020-09-28,"Klaipėdos universitetinės ligoninės laboratorija",592,134,581,126,11,5,NA,NA,0,0
2020-09-28,"LSMU ligoninės Kauno klinikų laboratorija",658,0,654,0,4,0,NA,NA,0,0
2020-09-28,"Nacionalinė visuomenės sveikatos priežiūros laboratorija",74,46,74,46,0,0,NA,NA,50,0
2020-09-28,"Nacionalinio maisto ir veterinarijos rizikos vertinimo instituto laboratorija",1106,902,1065,861,41,27,NA,NA,19,19
2020-09-28,"Nacionalinio vėžio instituto laboratorija",132,0,132,0,0,0,NA,NA,1,0
2020-09-28,"Respublikinės Panevėžio ligoninės laboratorija",95,0,95,0,0,0,NA,NA,0,0
2020-09-28,"Respublikinės Šiaulių ligoninės laboratorija",404,36,395,33,9,3,NA,NA,170,0
2020-09-28,"UAB „Baltic Medics“",412,242,373,203,39,39,NA,NA,0,0
2020-09-28,"UAB „Diagnostikos laboratorija“ („Antėja“ Kaunas)",468,297,444,273,24,24,NA,NA,185,185
2020-09-28,"UAB „Diagnostikos laboratorija“ („Antėja“ Vilnius)",298,63,295,60,3,3,NA,NA,235,146
2020-09-28,"UAB „Medicina practica laboratorija“",1145,47,1096,43,49,4,NA,NA,75,30
2020-09-28,"VU ligoninės Santaros klinikų laboratorija",994,0,985,0,9,0,NA,NA,9,0
2020-09-29,"Klaipėdos universitetinės ligoninės laboratorija",646,115,642,113,4,1,NA,NA,0,0
2020-09-29,"LSMU ligoninės Kauno klinikų laboratorija",517,0,514,0,3,0,NA,NA,0,0
2020-09-29,"Nacionalinė visuomenės sveikatos priežiūros laboratorija",340,3,336,3,4,0,NA,NA,50,0
2020-09-29,"Nacionalinio maisto ir veterinarijos rizikos vertinimo instituto laboratorija",558,428,543,413,15,10,NA,NA,78,19
2020-09-29,"Respublikinės Panevėžio ligoninės laboratorija",105,0,104,0,1,0,NA,NA,0,0
2020-09-29,"Respublikinės Šiaulių ligoninės laboratorija",558,0,545,0,13,0,NA,NA,31,0
2020-09-29,"Tauragės ligoninės laboratorija",1,0,1,0,0,0,NA,NA,0,0
2020-09-29,"UAB „Baltic Medics“",525,278,506,260,19,18,NA,NA,0,0
2020-09-29,"UAB „Diagnostikos laboratorija“ („Antėja“ Kaunas)",564,364,544,345,20,18,NA,NA,188,188
2020-09-29,"UAB „Diagnostikos laboratorija“ („Antėja“ Vilnius)",744,339,708,303,36,35,NA,NA,391,158
2020-09-29,"UAB „Invitro diagnostika“",184,65,177,63,7,2,NA,NA,94,0
2020-09-29,"UAB „Medicina practica laboratorija“",996,106,977,101,19,5,NA,NA,0,0
2020-09-29,"UAB „SK Impeks Medicinos diagnostikos centras“",176,0,176,0,0,0,NA,NA,0,0
2020-09-29,"VU ligoninės Santaros klinikų laboratorija",1079,0,1074,0,5,0,NA,NA,5,0
2020-09-30,"Klaipėdos universitetinės ligoninės laboratorija",589,177,578,168,11,6,NA,NA,0,0
2020-09-30,"LSMU ligoninės Kauno klinikų laboratorija",503,0,503,0,0,0,NA,NA,0,0
2020-09-30,"Nacionalinė visuomenės sveikatos priežiūros laboratorija",344,0,338,0,6,0,NA,NA,45,0
2020-09-30,"Nacionalinio maisto ir veterinarijos rizikos vertinimo instituto laboratorija",744,484,716,457,28,15,NA,NA,54,19
2020-09-30,"Nacionalinio vėžio instituto laboratorija",106,0,106,0,0,0,NA,NA,0,0
2020-09-30,"Respublikinės Panevėžio ligoninės laboratorija",122,0,122,0,0,0,NA,NA,0,0
2020-09-30,"Respublikinės Šiaulių ligoninės laboratorija",456,0,452,0,4,0,NA,NA,18,0
2020-09-30,"UAB „Baltic Medics“",419,233,361,175,58,56,NA,NA,0,0
2020-09-30,"UAB „Diagnostikos laboratorija“ („Antėja“ Kaunas)",564,300,539,277,25,23,NA,NA,286,286
2020-09-30,"UAB „Diagnostikos laboratorija“ („Antėja“ Vilnius)",845,424,805,387,40,37,NA,NA,317,89
2020-09-30,"UAB „Invitro diagnostika“",282,75,280,73,2,1,NA,NA,0,0
2020-09-30,"UAB „Medicina practica laboratorija“",1043,112,1038,112,5,0,NA,NA,5,2
2020-09-30,"UAB „SK Impeks Medicinos diagnostikos centras“",84,0,83,0,1,0,NA,NA,0,0
2020-09-30,"VU ligoninės Santaros klinikų laboratorija",872,0,870,0,2,0,NA,NA,3,0
2020-10-01,"Klaipėdos universitetinės ligoninės laboratorija",576,109,575,108,1,1,NA,NA,0,0
2020-10-01,"LSMU ligoninės Kauno klinikų laboratorija",396,0,396,0,0,0,NA,NA,0,0
2020-10-01,"Nacionalinė visuomenės sveikatos priežiūros laboratorija",354,2,354,2,0,0,NA,NA,0,0
2020-10-01,"Nacionalinio maisto ir veterinarijos rizikos vertinimo instituto laboratorija",744,454,702,414,42,24,NA,NA,459,120
2020-10-01,"Respublikinės Panevėžio ligoninės laboratorija",103,0,103,0,0,0,NA,NA,0,0
2020-10-01,"Respublikinės Šiaulių ligoninės laboratorija",237,0,230,0,7,0,NA,NA,0,0
2020-10-01,"UAB „Baltic Medics“",569,312,546,189,23,23,NA,NA,0,0
2020-10-01,"UAB „Diagnostikos laboratorija“ („Antėja“ Kaunas)",658,480,636,460,22,20,NA,NA,34,34
2020-10-01,"UAB „Diagnostikos laboratorija“ („Antėja“ Vilnius)",758,330,721,301,37,29,NA,NA,839,240
2020-10-01,"UAB „Medicina practica laboratorija“",1044,69,1031,64,13,5,NA,NA,4,0
2020-10-01,"VU ligoninės Santaros klinikų laboratorija",985,0,981,0,4,0,NA,NA,5,0
2020-10-04,"Klaipėdos universitetinės ligoninės laboratorija",137,0,137,0,0,0,NA,NA,0,0
2020-10-04,"LSMU ligoninės Kauno klinikų laboratorija",174,0,174,0,0,0,NA,NA,0,0
2020-10-04,"Nacionalinio maisto ir veterinarijos rizikos vertinimo instituto laboratorija",465,427,435,397,30,21,NA,NA,0,0
2020-10-04,"Respublikinės Panevėžio ligoninės laboratorija",52,0,52,0,0,0,NA,NA,0,0
2020-10-04,"Respublikinės Šiaulių ligoninės laboratorija",86,0,84,0,2,0,NA,NA,0,0
2020-10-04,"UAB „Baltic Medics“",149,95,130,78,19,17,NA,NA,0,0
2020-10-04,"UAB „Diagnostikos laboratorija“ („Antėja“ Kaunas)",376,360,360,344,16,16,NA,NA,114,114
2020-10-04,"UAB „Medicina practica laboratorija“",152,0,151,0,1,0,NA,NA,16,0
2020-10-04,"VU ligoninės Santaros klinikų laboratorija",325,0,325,0,0,0,NA,NA,4,0
2020-10-05,"Klaipėdos universitetinės ligoninės laboratorija",587,158,581,154,6,3,NA,NA,0,0
2020-10-05,"LSMU ligoninės Kauno klinikų laboratorija",386,0,384,0,2,0,NA,NA,0,0
2020-10-05,"Nacionalinė visuomenės sveikatos priežiūros laboratorija",79,53,79,53,0,0,NA,NA,45,0
2020-10-05,"Nacionalinio maisto ir veterinarijos rizikos vertinimo instituto laboratorija",837,522,793,478,44,27,NA,NA,54,54
2020-10-05,"Nacionalinio vėžio instituto laboratorija",168,0,166,0,2,0,NA,NA,2,0
2020-10-05,"Respublikinės Panevėžio ligoninės laboratorija",94,0,94,0,0,0,NA,NA,0,0
2020-10-05,"Respublikinės Šiaulių ligoninės laboratorija",330,0,324,0,6,0,NA,NA,0,0
2020-10-05,"Tauragės ligoninės laboratorija",1,0,1,0,0,0,NA,NA,0,0
2020-10-05,"UAB „Baltic Medics“",502,359,438,299,64,40,NA,NA,0,0
2020-10-05,"UAB „Diagnostikos laboratorija“ („Antėja“ Kaunas)",828,624,805,601,23,22,NA,NA,37,37
2020-10-05,"UAB „Diagnostikos laboratorija“ („Antėja“ Klaipėda)",136,88,135,87,1,1,NA,NA,35,35
2020-10-05,"UAB „Diagnostikos laboratorija“ („Antėja“ Vilnius)",355,28,355,28,0,0,NA,NA,388,207
2020-10-05,"UAB „Medicina practica laboratorija“",1123,189,1096,188,27,1,NA,NA,96,2
2020-10-05,"UAB „SK Impeks Medicinos diagnostikos centras“",110,0,107,0,3,0,NA,NA,0,0
2020-10-05,"VU ligoninės Santaros klinikų laboratorija",1085,0,1075,0,10,0,NA,NA,4,0
2020-10-06,"Klaipėdos universitetinės ligoninės laboratorija",671,175,658,167,13,6,NA,NA,0,0
2020-10-06,"LSMU ligoninės Kauno klinikų laboratorija",662,0,658,0,4,0,NA,NA,0,0
2020-10-06,"Nacionalinė visuomenės sveikatos priežiūros laboratorija",340,2,337,1,3,1,NA,NA,45,0
2020-10-06,"Nacionalinio maisto ir veterinarijos rizikos vertinimo instituto laboratorija",651,431,613,393,38,22,NA,NA,186,54
2020-10-06,"Respublikinės Panevėžio ligoninės laboratorija",95,0,93,0,2,0,NA,NA,0,0
2020-10-06,"Respublikinės Šiaulių ligoninės laboratorija",320,0,310,0,10,0,NA,NA,0,0
2020-10-06,"SYNLAB Lietuva UAB",13,0,12,0,1,0,NA,NA,0,0
2020-10-06,"UAB „Baltic Medics“",688,477,651,440,37,29,NA,NA,0,0
2020-10-06,"UAB „Diagnostikos laboratorija“ („Antėja“ Kaunas)",548,403,540,395,8,8,NA,NA,116,116
2020-10-06,"UAB „Diagnostikos laboratorija“ („Antėja“ Klaipėda)",81,53,78,51,3,2,NA,NA,0,0
2020-10-06,"UAB „Diagnostikos laboratorija“ („Antėja“ Vilnius)",845,292,818,272,27,19,NA,NA,574,111
2020-10-06,"UAB „InMedica“",210,53,199,50,11,2,NA,NA,0,0
2020-10-06,"UAB „Medicina practica laboratorija“",1133,147,1119,142,14,5,NA,NA,1,0
2020-10-06,"UAB „SK Impeks Medicinos diagnostikos centras“",84,0,82,0,2,0,NA,NA,0,0
2020-10-06,"VU ligoninės Santaros klinikų laboratorija",936,0,933,0,3,0,NA,NA,0,0
2020-10-07,"Klaipėdos universitetinės ligoninės laboratorija",532,132,513,121,19,10,NA,NA,0,0
2020-10-07,"LSMU ligoninės Kauno klinikų laboratorija",462,0,459,0,3,0,NA,NA,0,0
2020-10-07,"Nacionalinė visuomenės sveikatos priežiūros laboratorija",325,0,323,0,2,0,NA,NA,35,0
2020-10-07,"Nacionalinio maisto ir veterinarijos rizikos vertinimo instituto laboratorija",837,494,791,448,46,38,NA,NA,100,100
2020-10-07,"Nacionalinio vėžio instituto laboratorija",165,0,165,0,0,0,NA,NA,0,0
2020-10-07,"Respublikinės Panevėžio ligoninės laboratorija",96,0,96,0,0,0,NA,NA,0,0
2020-10-07,"Respublikinės Šiaulių ligoninės laboratorija",338,1,329,0,9,0,NA,NA,0,0
2020-10-07,"SYNLAB Lietuva UAB",39,0,39,0,0,0,NA,NA,0,0
2020-10-07,"Tauragės ligoninės laboratorija",2,0,2,0,0,0,NA,NA,0,0
2020-10-07,"UAB „Baltic Medics“",585,488,538,442,47,31,NA,NA,0,0
2020-10-07,"UAB „Diagnostikos laboratorija“ („Antėja“ Kaunas)",897,500,876,479,21,19,NA,NA,116,116
2020-10-07,"UAB „Diagnostikos laboratorija“ („Antėja“ Klaipėda)",26,16,26,16,0,0,NA,NA,0,0
2020-10-07,"UAB „Diagnostikos laboratorija“ („Antėja“ Vilnius)",930,214,915,205,15,8,NA,NA,605,280
2020-10-07,"UAB „InMedica“",332,94,323,91,9,3,NA,NA,0,0
2020-10-07,"UAB „Medicina practica laboratorija“",1313,104,1292,102,21,2,NA,NA,0,0
2020-10-07,"UAB „SK Impeks Medicinos diagnostikos centras“",91,0,91,0,0,0,NA,NA,0,0
2020-10-07,"VU ligoninės Santaros klinikų laboratorija",945,0,940,0,5,0,NA,NA,0,0
2020-10-08,"Klaipėdos universitetinės ligoninės laboratorija",717,155,700,148,17,3,NA,NA,52,45
2020-10-08,"LSMU ligoninės Kauno klinikų laboratorija",417,0,413,0,4,0,NA,NA,0,0
2020-10-08,"Nacionalinė visuomenės sveikatos priežiūros laboratorija",380,30,379,30,1,0,NA,NA,35,0
2020-10-08,"Nacionalinio maisto ir veterinarijos rizikos vertinimo instituto laboratorija",741,421,685,369,56,31,NA,NA,200,200
2020-10-08,"Respublikinės Klaipėdos ligoninės laboratorija",4,0,0,0,4,0,NA,NA,0,0
2020-10-08,"Respublikinės Panevėžio ligoninės laboratorija",121,0,121,0,0,0,NA,NA,0,0
2020-10-08,"Respublikinės Šiaulių ligoninės laboratorija",458,0,448,0,10,1,NA,NA,0,0
2020-10-08,"SYNLAB Lietuva UAB",116,0,116,0,0,0,NA,NA,0,0
2020-10-08,"Tauragės ligoninės laboratorija",2,0,2,0,0,0,NA,NA,0,0
2020-10-08,"UAB „Baltic Medics“",586,334,531,280,55,37,NA,NA,0,0
2020-10-08,"UAB „Diagnostikos laboratorija“ („Antėja“ Kaunas)",646,440,628,423,18,17,NA,NA,186,186
2020-10-08,"UAB „Diagnostikos laboratorija“ („Antėja“ Klaipėda)",73,56,69,52,4,0,NA,NA,0,0
2020-10-08,"UAB „Diagnostikos laboratorija“ („Antėja“ Vilnius)",671,396,616,361,55,35,NA,NA,411,117
2020-10-08,"UAB „InMedica“",282,53,279,52,3,0,NA,NA,0,0
2020-10-08,"UAB „Medicina practica laboratorija“",1195,156,1190,156,5,0,NA,NA,98,8
2020-10-08,"UAB „SK Impeks Medicinos diagnostikos centras“",132,0,132,0,0,0,NA,NA,0,0
2020-10-08,"VU ligoninės Santaros klinikų laboratorija",958,0,944,0,14,0,NA,NA,9,0
2020-10-09,"Klaipėdos universitetinės ligoninės laboratorija",724,195,699,177,25,16,NA,NA,0,0
2020-10-09,"LSMU ligoninės Kauno klinikų laboratorija",303,0,300,0,3,0,NA,NA,0,0
2020-10-09,"Nacionalinė visuomenės sveikatos priežiūros laboratorija",410,0,408,0,2,0,NA,NA,35,0
2020-10-09,"Nacionalinio maisto ir veterinarijos rizikos vertinimo instituto laboratorija",651,446,601,397,50,33,NA,NA,53,45
2020-10-09,"Nacionalinio vėžio instituto laboratorija",107,0,107,0,0,0,NA,NA,0,0
2020-10-09,"Respublikinės Klaipėdos ligoninės laboratorija",1,0,1,0,0,0,NA,NA,0,0
2020-10-09,"Respublikinės Panevėžio ligoninės laboratorija",113,0,113,0,0,0,NA,NA,0,0
2020-10-09,"Respublikinės Šiaulių ligoninės laboratorija",406,2,385,0,21,2,NA,NA,0,0
2020-10-09,"Tauragės ligoninės laboratorija",1,0,1,0,0,0,NA,NA,0,0
2020-10-09,"UAB „Baltic Medics“",510,260,463,223,47,37,NA,NA,0,0
2020-10-09,"UAB „Diagnostikos laboratorija“ („Antėja“ Kaunas)",1021,758,1005,744,16,14,NA,NA,376,376
2020-10-09,"UAB „Diagnostikos laboratorija“ („Antėja“ Klaipėda)",348,284,334,270,14,14,NA,NA,250,0
2020-10-09,"UAB „Diagnostikos laboratorija“ („Antėja“ Vilnius)",651,182,633,167,19,15,NA,NA,0,0
2020-10-09,"UAB „InMedica“",420,54,411,48,9,2,NA,NA,0,0
2020-10-09,"UAB „Medicina practica laboratorija“",1028,119,996,110,32,9,NA,NA,8,8
2020-10-09,"UAB „SK Impeks Medicinos diagnostikos centras“",108,0,108,0,0,0,NA,NA,0,0
2020-10-09,"VU ligoninės Santaros klinikų laboratorija",1025,0,1020,0,5,0,NA,NA,85,0
2020-10-10,"Klaipėdos universitetinės ligoninės laboratorija",212,94,203,88,9,3,NA,NA,0,0
2020-10-10,"LSMU ligoninės Kauno klinikų laboratorija",393,0,391,0,2,0,NA,NA,0,0
2020-10-10,"Nacionalinė visuomenės sveikatos priežiūros laboratorija",181,0,181,0,0,0,NA,NA,40,0
2020-10-10,"Nacionalinio maisto ir veterinarijos rizikos vertinimo instituto laboratorija",558,422,508,372,50,32,NA,NA,22,0
2020-10-10,"Respublikinės Klaipėdos ligoninės laboratorija",3,0,3,0,0,0,NA,NA,0,0
2020-10-10,"Respublikinės Panevėžio ligoninės laboratorija",52,0,52,0,0,0,NA,NA,0,0
2020-10-10,"Respublikinės Šiaulių ligoninės laboratorija",269,0,251,0,18,0,NA,NA,0,0
2020-10-10,"SYNLAB Lietuva UAB",15,0,15,0,0,0,NA,NA,0,0
2020-10-10,"UAB „Baltic Medics“",448,302,411,271,37,19,NA,NA,0,0
2020-10-10,"UAB „Diagnostikos laboratorija“ („Antėja“ Kaunas)",654,450,637,433,17,17,NA,NA,125,125
2020-10-10,"UAB „Diagnostikos laboratorija“ („Antėja“ Klaipėda)",433,339,401,316,32,22,NA,NA,0,0
2020-10-10,"UAB „Diagnostikos laboratorija“ („Antėja“ Vilnius)",29,25,27,23,2,2,NA,NA,0,0
2020-10-10,"UAB „Medicina practica laboratorija“",373,274,371,274,2,0,NA,NA,0,0
2020-10-10,"VU ligoninės Santaros klinikų laboratorija",302,0,297,0,5,0,NA,NA,6,0
2020-10-11,"Klaipėdos universitetinės ligoninės laboratorija",242,40,233,33,9,5,NA,NA,0,0
2020-10-11,"LSMU ligoninės Kauno klinikų laboratorija",149,0,148,0,1,0,NA,NA,0,0
2020-10-11,"Nacionalinio maisto ir veterinarijos rizikos vertinimo instituto laboratorija",558,520,501,466,57,43,NA,NA,300,300
2020-10-11,"Respublikinės Panevėžio ligoninės laboratorija",29,0,29,0,0,0,NA,NA,0,0
2020-10-11,"Respublikinės Šiaulių ligoninės laboratorija",162,0,151,0,11,0,NA,NA,0,0
2020-10-11,"Tauragės ligoninės laboratorija",3,0,3,0,0,0,NA,NA,0,0
2020-10-11,"UAB „Baltic Medics“",323,270,299,253,24,15,NA,NA,0,0
2020-10-11,"UAB „Diagnostikos laboratorija“ („Antėja“ Kaunas)",370,348,364,342,6,6,NA,NA,188,188
2020-10-11,"UAB „Diagnostikos laboratorija“ („Antėja“ Vilnius)",29,0,29,0,0,0,NA,NA,0,0
2020-10-11,"UAB „Medicina practica laboratorija“",148,36,141,32,7,4,NA,NA,0,0
2020-10-11,"VU ligoninės Santaros klinikų laboratorija",306,0,296,0,10,0,NA,NA,1,0
2020-10-12,"Klaipėdos universitetinės ligoninės laboratorija",753,182,742,184,11,5,NA,NA,54,36
2020-10-12,"LSMU ligoninės Kauno klinikų laboratorija",585,0,578,0,7,0,NA,NA,0,0
2020-10-12,"Nacionalinė visuomenės sveikatos priežiūros laboratorija",60,56,59,55,1,1,NA,NA,50,0
2020-10-12,"Nacionalinio maisto ir veterinarijos rizikos vertinimo instituto laboratorija",837,650,791,604,46,31,NA,NA,58,0
2020-10-12,"Nacionalinio vėžio instituto laboratorija",131,0,131,0,0,0,NA,NA,2,0
2020-10-12,"Respublikinės Klaipėdos ligoninės laboratorija",5,0,5,0,0,0,NA,NA,0,0
2020-10-12,"Respublikinės Panevėžio ligoninės laboratorija",125,0,125,0,0,0,NA,NA,0,0
2020-10-12,"Respublikinės Šiaulių ligoninės laboratorija",372,0,356,0,16,0,NA,NA,0,0
2020-10-12,"SYNLAB Lietuva UAB",7,0,7,0,0,0,NA,NA,0,0
2020-10-12,"UAB „Baltic Medics“",597,310,567,287,30,23,NA,NA,0,0
2020-10-12,"UAB „Diagnostikos laboratorija“ („Antėja“ Kaunas)",1018,600,999,581,19,19,NA,NA,188,188
2020-10-12,"UAB „Diagnostikos laboratorija“ („Antėja“ Klaipėda)",80,78,79,77,1,1,NA,NA,184,151
2020-10-12,"UAB „Diagnostikos laboratorija“ („Antėja“ Vilnius)",325,82,324,81,1,1,NA,NA,0,0
2020-10-12,"UAB „Medicina practica laboratorija“",1153,37,1127,37,26,0,NA,NA,95,0
2020-10-12,"UAB „SK Impeks Medicinos diagnostikos centras“",194,0,190,0,4,0,NA,NA,0,0
2020-10-12,"VU ligoninės Santaros klinikų laboratorija",1024,0,1019,0,5,0,NA,NA,3,0
2020-10-13,"Klaipėdos universitetinės ligoninės laboratorija",754,175,716,154,38,26,NA,NA,50,48
2020-10-13,"LSMU ligoninės Kauno klinikų laboratorija",544,0,537,0,7,0,NA,NA,0,0
2020-10-13,"Nacionalinė visuomenės sveikatos priežiūros laboratorija",242,2,234,2,8,0,NA,NA,50,0
2020-10-13,"Nacionalinio maisto ir veterinarijos rizikos vertinimo instituto laboratorija",744,590,649,495,95,76,NA,NA,83,35
2020-10-13,"Nacionalinio vėžio instituto laboratorija",57,0,56,0,1,0,NA,NA,0,0
2020-10-13,"Respublikinės Klaipėdos ligoninės laboratorija",4,0,4,0,0,0,NA,NA,0,0
2020-10-13,"Respublikinės Panevėžio ligoninės laboratorija",228,0,226,0,2,0,NA,NA,0,0
2020-10-13,"Respublikinės Šiaulių ligoninės laboratorija",684,0,666,0,18,0,NA,NA,0,0
2020-10-13,"UAB „Baltic Medics“",747,432,730,416,17,7,NA,NA,0,0
2020-10-13,"UAB „Diagnostikos laboratorija“ („Antėja“ Kaunas)",738,515,709,496,29,18,NA,NA,94,94
2020-10-13,"UAB „Diagnostikos laboratorija“ („Antėja“ Klaipėda)",366,316,336,286,30,30,NA,NA,0,0
2020-10-13,"UAB „Diagnostikos laboratorija“ („Antėja“ Vilnius)",455,25,450,23,5,2,NA,NA,513,48
2020-10-13,"UAB „InMedica“",282,61,272,59,10,0,NA,NA,0,0
2020-10-13,"UAB „Medicina practica laboratorija“",1194,115,1161,110,33,4,NA,NA,95,8
2020-10-13,"UAB „SK Impeks Medicinos diagnostikos centras“",156,0,154,0,2,0,NA,NA,0,0
2020-10-13,"VU ligoninės Santaros klinikų laboratorija",944,0,936,0,8,0,NA,NA,1,0
2020-10-14,"Klaipėdos universitetinės ligoninės laboratorija",754,223,694,179,60,39,NA,NA,34,24
2020-10-14,"LSMU ligoninės Kauno klinikų laboratorija",519,0,505,0,14,0,NA,NA,0,0
2020-10-14,"Nacionalinė visuomenės sveikatos priežiūros laboratorija",248,0,244,0,4,0,NA,NA,0,0
2020-10-14,"Nacionalinio maisto ir veterinarijos rizikos vertinimo instituto laboratorija",930,619,849,538,81,54,NA,NA,26,26
2020-10-14,"Respublikinės Panevėžio ligoninės laboratorija",132,0,130,0,2,0,NA,NA,0,NA
2020-10-14,"Respublikinės Šiaulių ligoninės laboratorija",719,60,693,60,26,0,NA,NA,165,0
2020-10-14,"SYNLAB Lietuva UAB",134,0,132,0,2,0,NA,NA,NA,NA
2020-10-14,"UAB „Diagnostikos laboratorija“ („Antėja“ Kaunas)",836,596,820,584,16,12,NA,NA,124,124
2020-10-14,"UAB „Diagnostikos laboratorija“ („Antėja“ Vilnius)",822,48,821,48,1,1,NA,NA,0,0
2020-10-14,"UAB „InMedica“",376,59,361,57,15,2,NA,NA,NA,NA
2020-10-14,"UAB „Medicina practica laboratorija“",1232,98,1214,97,18,0,NA,NA,79,4
2020-10-14,"UAB „SK Impeks Medicinos diagnostikos centras“",108,0,108,0,0,0,NA,NA,0,0
2020-10-14,"VU ligoninės Santaros klinikų laboratorija",1013,0,1000,0,13,0,NA,NA,11,0
2020-10-15,"Klaipėdos universitetinės ligoninės laboratorija",800,215,763,189,37,25,NA,NA,16,0
2020-10-15,"LSMU ligoninės Kauno klinikų laboratorija",748,0,741,0,7,0,NA,NA,0,0
2020-10-15,"Nacionalinė visuomenės sveikatos priežiūros laboratorija",246,2,245,2,1,0,NA,NA,45,0
2020-10-15,"Nacionalinio maisto ir veterinarijos rizikos vertinimo instituto laboratorija",837,619,753,537,84,63,NA,NA,49,0
2020-10-15,"Nacionalinio vėžio instituto laboratorija",125,0,125,0,2,0,NA,NA,0,0
2020-10-15,"Respublikinės Klaipėdos ligoninės laboratorija",5,0,5,0,0,0,NA,NA,0,0
2020-10-15,"Respublikinės Panevėžio ligoninės laboratorija",185,0,174,0,11,0,NA,NA,0,0
2020-10-15,"Respublikinės Šiaulių ligoninės laboratorija",467,0,458,0,9,0,NA,NA,0,0
2020-10-15,"SYNLAB Lietuva UAB",148,0,148,0,0,0,NA,NA,0,0
2020-10-15,"UAB „Baltic Medics“",693,389,656,365,37,18,NA,NA,0,0
2020-10-15,"UAB „Diagnostikos laboratorija“ („Antėja“ Kaunas)",742,445,717,432,25,13,NA,NA,85,85
2020-10-15,"UAB „Diagnostikos laboratorija“ („Antėja“ Klaipėda)",279,197,241,171,38,24,NA,NA,317,213
2020-10-15,"UAB „Diagnostikos laboratorija“ („Antėja“ Vilnius)",293,55,292,55,1,0,NA,NA,0,0
2020-10-15,"UAB „InMedica“",376,56,371,56,5,0,NA,NA,0,0
2020-10-15,"UAB „Medicina practica laboratorija“",1397,124,1339,108,58,16,NA,NA,59,9
2020-10-15,"UAB „SK Impeks Medicinos diagnostikos centras“",128,0,127,0,1,0,NA,NA,0,0
2020-10-15,"VU ligoninės Santaros klinikų laboratorija",1159,0,1150,0,9,0,NA,NA,2,0
2020-10-16,"Klaipėdos universitetinės ligoninės laboratorija",738,225,675,192,63,32,NA,NA,0,0
2020-10-16,"LSMU ligoninės Kauno klinikų laboratorija",864,0,855,0,9,0,NA,NA,0,0
2020-10-16,"Nacionalinė visuomenės sveikatos priežiūros laboratorija",246,0,246,0,0,0,NA,NA,45,0
2020-10-16,"Nacionalinio maisto ir veterinarijos rizikos vertinimo instituto laboratorija",1301,599,1180,491,121,77,NA,NA,200,150
2020-10-16,"Nacionalinio vėžio instituto laboratorija",69,0,68,0,1,0,NA,NA,0,0
2020-10-16,"Respublikinės Klaipėdos ligoninės laboratorija",1,0,1,0,0,0,NA,NA,0,0
2020-10-16,"Respublikinės Panevėžio ligoninės laboratorija",188,0,183,0,5,0,NA,NA,0,0
2020-10-16,"Respublikinės Šiaulių ligoninės laboratorija",472,0,457,0,15,0,NA,NA,0,0
2020-10-16,"SYNLAB Lietuva UAB",140,0,136,0,4,0,NA,NA,0,0
2020-10-16,"UAB „Baltic Medics“",508,352,463,317,45,30,NA,NA,0,0
2020-10-16,"UAB „Diagnostikos laboratorija“ („Antėja“ Kaunas)",711,510,678,486,33,24,NA,NA,110,110
2020-10-16,"UAB „Diagnostikos laboratorija“ („Antėja“ Klaipėda)",261,260,246,247,15,13,NA,NA,264,245
2020-10-16,"UAB „Diagnostikos laboratorija“ („Antėja“ Vilnius)",397,58,382,55,15,3,NA,NA,0,0
2020-10-16,"UAB „InMedica“",481,109,468,104,13,3,NA,NA,0,0
2020-10-16,"UAB „Medicina practica laboratorija“",1180,92,1148,85,32,7,NA,NA,2,0
2020-10-16,"UAB „SK Impeks Medicinos diagnostikos centras“",185,0,175,0,10,0,NA,NA,0,0
2020-10-16,"VU ligoninės Santaros klinikų laboratorija",778,0,770,0,8,0,NA,NA,4,0
2020-10-17,"Klaipėdos universitetinės ligoninės laboratorija",260,140,249,130,11,9,NA,NA,0,0
2020-10-17,"LSMU ligoninės Kauno klinikų laboratorija",834,0,829,0,5,0,NA,NA,0,0
2020-10-17,"Nacionalinė visuomenės sveikatos priežiūros laboratorija",93,0,90,0,3,0,NA,NA,50,0
2020-10-17,"Nacionalinio maisto ir veterinarijos rizikos vertinimo instituto laboratorija",744,556,660,472,84,70,NA,NA,29,150
2020-10-17,"Respublikinės Klaipėdos ligoninės laboratorija",6,0,6,0,0,0,NA,NA,0,0
2020-10-17,"Respublikinės Panevėžio ligoninės laboratorija",104,0,103,0,1,0,NA,NA,0,0
2020-10-17,"Respublikinės Šiaulių ligoninės laboratorija",208,0,202,0,6,0,NA,NA,0,0
2020-10-17,"UAB „Baltic Medics“",343,185,321,165,22,16,NA,NA,0,0
2020-10-17,"UAB „Diagnostikos laboratorija“ („Antėja“ Kaunas)",372,345,358,331,14,14,NA,NA,141,141
2020-10-17,"UAB „Diagnostikos laboratorija“ („Antėja“ Klaipėda)",70,33,60,27,10,6,NA,NA,0,0
2020-10-17,"UAB „Diagnostikos laboratorija“ („Antėja“ Vilnius)",264,242,233,212,31,29,NA,NA,0,0
2020-10-17,"UAB „Medicina practica laboratorija“",321,90,304,81,17,9,NA,NA,19,15
2020-10-17,"VU ligoninės Santaros klinikų laboratorija",224,0,220,0,4,0,NA,NA,0,0
2020-10-18,"Klaipėdos universitetinės ligoninės laboratorija",258,85,242,76,16,7,NA,NA,0,0
2020-10-18,"LSMU ligoninės Kauno klinikų laboratorija",698,0,690,0,8,0,NA,NA,0,0
2020-10-18,"Nacionalinio maisto ir veterinarijos rizikos vertinimo instituto laboratorija",651,603,577,529,74,58,NA,NA,279,279
2020-10-18,"Respublikinės Panevėžio ligoninės laboratorija",71,0,69,0,2,0,NA,NA,0,0
2020-10-18,"Respublikinės Šiaulių ligoninės laboratorija",187,0,177,0,10,0,NA,NA,0,0
2020-10-18,"UAB „Baltic Medics“",123,41,119,37,4,0,NA,NA,0,0
2020-10-18,"UAB „Diagnostikos laboratorija“ („Antėja“ Kaunas)",630,612,579,561,51,51,NA,NA,66,66
2020-10-18,"UAB „Diagnostikos laboratorija“ („Antėja“ Vilnius)",161,152,141,132,20,20,NA,NA,0,0
2020-10-18,"UAB „Medicina practica laboratorija“",218,52,202,37,16,13,NA,NA,1,0
2020-10-18,"VU ligoninės Santaros klinikų laboratorija",256,0,250,0,6,0,NA,NA,2,0
2020-10-19,"Klaipėdos universitetinės ligoninės laboratorija",755,150,708,120,47,28,NA,NA,0,0
2020-10-19,"LSMU ligoninės Kauno klinikų laboratorija",569,0,561,0,8,0,NA,NA,0,0
2020-10-19,"Nacionalinė visuomenės sveikatos priežiūros laboratorija",113,65,109,65,4,0,NA,NA,45,0
2020-10-19,"Nacionalinio maisto ir veterinarijos rizikos vertinimo instituto laboratorija",1114,756,1006,648,108,88,NA,NA,442,420
2020-10-19,"Nacionalinio vėžio instituto laboratorija",95,0,94,0,1,0,NA,NA,6,0
2020-10-19,"Respublikinės Klaipėdos ligoninės laboratorija",20,0,20,0,0,0,NA,NA,0,0
2020-10-19,"Respublikinės Panevėžio ligoninės laboratorija",168,0,165,0,3,0,NA,NA,0,0
2020-10-19,"Respublikinės Šiaulių ligoninės laboratorija",393,0,382,0,11,0,NA,NA,214,0
2020-10-19,"SYNLAB Lietuva UAB",34,0,34,0,0,0,NA,NA,0,0
2020-10-19,"Tauragės ligoninės laboratorija",1,0,1,0,0,0,NA,NA,0,0
2020-10-19,"UAB „Baltic Medics“",460,215,410,190,50,25,NA,NA,0,0
2020-10-19,"UAB „Diagnostikos laboratorija“ („Antėja“ Kaunas)",902,590,839,539,63,51,NA,NA,97,97
2020-10-19,"UAB „Diagnostikos laboratorija“ („Antėja“ Klaipėda)",452,392,420,214,34,28,NA,NA,25,25
2020-10-19,"UAB „Diagnostikos laboratorija“ („Antėja“ Vilnius)",476,102,470,98,6,3,NA,NA,97,0
2020-10-19,"UAB „Medicina practica laboratorija“",1290,125,1255,104,35,21,NA,NA,94,10
2020-10-19,"UAB „SK Impeks Medicinos diagnostikos centras“",156,0,155,0,1,0,NA,NA,0,0
2020-10-19,"VU ligoninės Santaros klinikų laboratorija",1134,0,1128,0,6,0,NA,NA,5,0
2020-10-20,"Klaipėdos universitetinės ligoninės laboratorija",785,193,749,170,36,23,NA,NA,0,0
2020-10-20,"LSMU ligoninės Kauno klinikų laboratorija",806,0,789,0,17,0,NA,NA,0,0
2020-10-20,"Nacionalinė visuomenės sveikatos priežiūros laboratorija",292,0,288,0,4,0,NA,NA,45,0
2020-10-20,"Nacionalinio maisto ir veterinarijos rizikos vertinimo instituto laboratorija",1118,895,936,716,182,166,NA,NA,465,402
2020-10-20,"Nacionalinio vėžio instituto laboratorija",72,0,71,0,1,0,NA,NA,8,0
2020-10-20,"Respublikinės Klaipėdos ligoninės laboratorija",2,0,2,0,0,0,NA,NA,0,0
2020-10-20,"Respublikinės Panevėžio ligoninės laboratorija",148,0,146,0,2,0,NA,NA,0,0
2020-10-20,"Respublikinės Šiaulių ligoninės laboratorija",583,0,557,0,26,0,NA,NA,0,0
2020-10-20,"SYNLAB Lietuva UAB",68,24,60,17,8,7,NA,NA,0,0
2020-10-20,"Tauragės ligoninės laboratorija",1,0,1,0,0,0,NA,NA,0,0
2020-10-20,"UAB „Baltic Medics“",663,350,624,320,39,22,NA,NA,0,0
2020-10-20,"UAB „Diagnostikos laboratorija“ („Antėja“ Kaunas)",894,658,820,594,74,64,NA,NA,0,0
2020-10-20,"UAB „Diagnostikos laboratorija“ („Antėja“ Klaipėda)",410,313,404,308,6,5,NA,NA,12,12
2020-10-20,"UAB „Diagnostikos laboratorija“ („Antėja“ Vilnius)",586,37,578,35,8,2,NA,NA,458,43
2020-10-20,"UAB „InMedica“",282,67,258,53,24,10,NA,NA,0,0
2020-10-20,"UAB „Medicina practica laboratorija“",1684,90,1621,82,63,8,NA,NA,141,22
2020-10-20,"UAB „SK Impeks Medicinos diagnostikos centras“",96,0,95,0,1,0,NA,NA,0,0
2020-10-20,"VU ligoninės Santaros klinikų laboratorija",1127,0,1119,0,8,0,NA,NA,116,0
2020-10-21,"Klaipėdos universitetinės ligoninės laboratorija",811,306,732,244,79,57,NA,NA,0,0
2020-10-21,"LSMU ligoninės Kauno klinikų laboratorija",934,0,914,0,20,0,NA,NA,0,0
2020-10-21,"Nacionalinė visuomenės sveikatos priežiūros laboratorija",250,0,248,0,2,0,NA,NA,40,0
2020-10-21,"Nacionalinio maisto ir veterinarijos rizikos vertinimo instituto laboratorija",1022,886,867,732,155,143,NA,NA,448,448
2020-10-21,"Nacionalinio vėžio instituto laboratorija",84,0,84,0,0,0,NA,NA,7,0
2020-10-21,"Respublikinės Klaipėdos ligoninės laboratorija",19,0,19,0,0,0,NA,NA,0,0
2020-10-21,"Respublikinės Panevėžio ligoninės laboratorija",154,0,151,0,3,0,NA,NA,0,0
2020-10-21,"Respublikinės Šiaulių ligoninės laboratorija",525,0,511,0,14,0,NA,NA,0,0
2020-10-21,"SYNLAB Lietuva UAB",100,0,96,0,4,0,NA,NA,0,0
2020-10-21,"Tauragės ligoninės laboratorija",1,0,1,0,0,0,NA,NA,0,0
2020-10-21,"UAB „Baltic Medics“",521,160,515,157,6,3,NA,NA,0,0
2020-10-21,"UAB „Diagnostikos laboratorija“ („Antėja“ Kaunas)",986,650,929,603,57,47,NA,NA,255,161
2020-10-21,"UAB „Diagnostikos laboratorija“ („Antėja“ Klaipėda)",525,485,504,464,21,21,NA,NA,0,0
2020-10-21,"UAB „Diagnostikos laboratorija“ („Antėja“ Vilnius)",845,54,842,54,3,0,NA,NA,563,104
2020-10-21,"UAB „InMedica“",376,88,352,72,24,14,NA,NA,0,0
2020-10-21,"UAB „Medicina practica laboratorija“",1594,206,1538,192,56,14,NA,NA,0,0
2020-10-21,"UAB „SK Impeks Medicinos diagnostikos centras“",146,0,144,0,2,0,NA,NA,0,0
2020-10-21,"VU ligoninės Santaros klinikų laboratorija",1319,0,1306,0,13,0,NA,NA,24,0
2020-10-22,"Klaipėdos universitetinės ligoninės laboratorija",895,215,820,167,75,47,NA,NA,137,137
2020-10-22,"LSMU ligoninės Kauno klinikų laboratorija",727,0,721,0,6,0,NA,NA,0,0
2020-10-22,"Nacionalinė visuomenės sveikatos priežiūros laboratorija",256,11,252,9,4,2,NA,NA,45,0
2020-10-22,"Nacionalinio maisto ir veterinarijos rizikos vertinimo instituto laboratorija",930,872,751,694,179,157,NA,NA,372,372
2020-10-22,"Nacionalinio vėžio instituto laboratorija",60,0,60,0,0,0,NA,NA,9,0
2020-10-22,"Respublikinės Klaipėdos ligoninės laboratorija",3,0,3,0,0,0,NA,NA,0,0
2020-10-22,"Respublikinės Panevėžio ligoninės laboratorija",158,0,157,0,1,0,NA,NA,0,0
2020-10-22,"Respublikinės Šiaulių ligoninės laboratorija",752,0,726,0,26,0,NA,NA,0,0
2020-10-22,"SYNLAB Lietuva UAB",89,0,86,0,3,0,NA,NA,0,0
2020-10-22,"Tauragės ligoninės laboratorija",1,0,1,0,0,0,NA,NA,0,0
2020-10-22,"UAB „Baltic Medics“",727,420,698,391,29,29,NA,NA,0,0
2020-10-22,"UAB „Diagnostikos laboratorija“ („Antėja“ Kaunas)",1067,697,987,626,80,71,NA,NA,94,94
2020-10-22,"UAB „Diagnostikos laboratorija“ („Antėja“ Klaipėda)",395,184,382,171,13,9,NA,NA,0,0
2020-10-22,"UAB „Diagnostikos laboratorija“ („Antėja“ Vilnius)",921,158,905,147,16,11,NA,NA,81,20
2020-10-22,"UAB „InMedica“",376,0,363,0,13,0,NA,NA,0,0
2020-10-22,"UAB „Medicina practica laboratorija“",1620,112,1558,86,62,26,NA,NA,188,22
2020-10-22,"UAB „SK Impeks Medicinos diagnostikos centras“",132,0,129,0,3,0,NA,NA,0,0
2020-10-22,"VU ligoninės Santaros klinikų laboratorija",1130,0,1119,0,11,0,NA,NA,2,0
2020-10-23,"Klaipėdos universitetinės ligoninės laboratorija",1128,422,1024,336,104,76,NA,NA,64,64
2020-10-23,"LSMU ligoninės Kauno klinikų laboratorija",945,0,931,0,14,0,NA,NA,0,0
2020-10-23,"Nacionalinė visuomenės sveikatos priežiūros laboratorija",266,9,264,9,2,0,NA,NA,45,0
2020-10-23,"Nacionalinio maisto ir veterinarijos rizikos vertinimo instituto laboratorija",1205,950,1045,794,160,153,NA,NA,442,440
2020-10-23,"Nacionalinio vėžio instituto laboratorija",84,0,84,0,0,0,NA,NA,1,0
2020-10-23,"Respublikinės Klaipėdos ligoninės laboratorija",31,0,21,0,10,0,NA,NA,0,0
2020-10-23,"Respublikinės Panevėžio ligoninės laboratorija",149,0,149,0,0,0,NA,NA,0,0
2020-10-23,"Respublikinės Šiaulių ligoninės laboratorija",547,75,481,54,66,19,NA,NA,0,0
2020-10-23,"SYNLAB Lietuva UAB",219,0,217,0,2,0,NA,NA,0,0
2020-10-23,"Tauragės ligoninės laboratorija",8,0,6,0,2,0,NA,NA,0,0
2020-10-23,"UAB „Baltic Medics“",563,270,481,208,82,62,NA,NA,0,0
2020-10-23,"UAB „Diagnostikos laboratorija“ („Antėja“ Kaunas)",819,544,737,468,82,76,NA,NA,114,114
2020-10-23,"UAB „Diagnostikos laboratorija“ („Antėja“ Klaipėda)",627,489,567,429,60,60,NA,NA,0,0
2020-10-23,"UAB „Diagnostikos laboratorija“ („Antėja“ Vilnius)",619,73,606,68,13,5,NA,NA,114,0
2020-10-23,"UAB „InMedica“",470,79,455,73,15,6,NA,NA,0,0
2020-10-23,"UAB „Medicina practica laboratorija“",1505,86,1447,77,58,9,NA,NA,150,45
2020-10-23,"UAB „SK Impeks Medicinos diagnostikos centras“",187,0,184,0,3,0,NA,NA,0,0
2020-10-23,"VU ligoninės Santaros klinikų laboratorija",1066,32,1042,29,24,3,NA,NA,94,6
2020-10-24,"Klaipėdos universitetinės ligoninės laboratorija",491,327,399,240,92,84,NA,NA,0,0
2020-10-24,"LSMU ligoninės Kauno klinikų laboratorija",553,0,542,0,11,0,NA,NA,0,0
2020-10-24,"Nacionalinė visuomenės sveikatos priežiūros laboratorija",87,0,86,0,1,0,NA,NA,40,0
2020-10-24,"Nacionalinio maisto ir veterinarijos rizikos vertinimo instituto laboratorija",1021,909,879,768,142,137,NA,NA,0,0
2020-10-24,"Respublikinės Klaipėdos ligoninės laboratorija",11,0,6,0,5,0,NA,NA,0,0
2020-10-24,"Respublikinės Panevėžio ligoninės laboratorija",97,0,95,0,2,0,NA,NA,0,0
2020-10-24,"Respublikinės Šiaulių ligoninės laboratorija",307,43,249,16,58,27,NA,NA,18,9
2020-10-24,"SYNLAB Lietuva UAB",38,0,34,0,4,0,NA,NA,0,0
2020-10-24,"UAB „Baltic Medics“",257,73,206,55,51,18,NA,NA,0,0
2020-10-24,"UAB „Diagnostikos laboratorija“ („Antėja“ Kaunas)",517,499,480,464,37,35,NA,NA,122,122
2020-10-24,"UAB „Diagnostikos laboratorija“ („Antėja“ Klaipėda)",100,100,80,80,20,20,NA,NA,0,0
2020-10-24,"UAB „Diagnostikos laboratorija“ („Antėja“ Vilnius)",184,112,162,92,22,20,NA,NA,0,0
2020-10-24,"UAB „InMedica“",308,54,298,49,10,5,NA,NA,0,0
2020-10-24,"UAB „Medicina practica laboratorija“",825,144,749,122,76,22,NA,NA,15,5
2020-10-24,"VU ligoninės Santaros klinikų laboratorija",470,41,453,35,17,6,NA,NA,0,0
2020-10-25,"Klaipėdos universitetinės ligoninės laboratorija",371,183,278,117,93,62,NA,NA,8,8
2020-10-25,"LSMU ligoninės Kauno klinikų laboratorija",211,0,207,0,4,0,NA,NA,0,0
2020-10-25,"Nacionalinio maisto ir veterinarijos rizikos vertinimo instituto laboratorija",837,834,652,649,185,174,NA,NA,74,0
2020-10-25,"Respublikinės Panevėžio ligoninės laboratorija",56,0,52,0,4,0,NA,NA,0,0
2020-10-25,"Respublikinės Šiaulių ligoninės laboratorija",253,34,235,28,18,6,NA,NA,0,0
2020-10-25,"Tauragės ligoninės laboratorija",2,0,2,0,0,0,NA,NA,0,0
2020-10-25,"UAB „Baltic Medics“",153,0,132,0,21,0,NA,NA,0,0
2020-10-25,"UAB „Diagnostikos laboratorija“ („Antėja“ Kaunas)",617,493,534,414,83,79,NA,NA,94,94
2020-10-25,"UAB „Diagnostikos laboratorija“ („Antėja“ Vilnius)",105,83,74,52,31,31,NA,NA,0,0
2020-10-25,"UAB „Medicina practica laboratorija“",263,69,240,56,23,13,NA,NA,5,0
2020-10-25,"VU ligoninės Santaros klinikų laboratorija",393,0,380,0,13,0,NA,NA,7,0
2020-10-26,"Klaipėdos universitetinės ligoninės laboratorija",977,350,825,224,152,119,NA,NA,0,0
2020-10-26,"LSMU ligoninės Kauno klinikų laboratorija",573,0,557,0,16,0,NA,NA,0,0
2020-10-26,"Nacionalinė visuomenės sveikatos priežiūros laboratorija",135,76,134,76,1,0,NA,NA,50,0
2020-10-26,"Nacionalinio maisto ir veterinarijos rizikos vertinimo instituto laboratorija",1110,976,858,729,252,237,NA,NA,0,0
2020-10-26,"Nacionalinio vėžio instituto laboratorija",72,0,72,0,0,0,NA,NA,9,0
2020-10-26,"Respublikinės Klaipėdos ligoninės laboratorija",21,0,21,0,0,0,NA,NA,0,0
2020-10-26,"Respublikinės Panevėžio ligoninės laboratorija",122,0,120,0,2,0,NA,NA,0,0
2020-10-26,"Respublikinės Šiaulių ligoninės laboratorija",484,0,462,28,22,0,NA,NA,0,0
2020-10-26,"SYNLAB Lietuva UAB",30,0,29,0,1,0,NA,NA,0,0
2020-10-26,"Tauragės ligoninės laboratorija",2,0,2,0,0,0,NA,NA,0,0
2020-10-26,"UAB „Baltic Medics“",827,350,722,290,105,60,NA,NA,0,0
2020-10-26,"UAB „Diagnostikos laboratorija“ („Antėja“ Kaunas)",868,607,776,696,92,80,NA,NA,134,134
2020-10-26,"UAB „Diagnostikos laboratorija“ („Antėja“ Klaipėda)",595,457,529,260,66,59,NA,NA,149,145
2020-10-26,"UAB „Diagnostikos laboratorija“ („Antėja“ Vilnius)",430,84,406,72,24,12,NA,NA,0,0
2020-10-26,"UAB „InMedica“",94,0,89,0,5,0,NA,NA,0,0
2020-10-26,"UAB „Medicina practica laboratorija“",1627,96,1610,94,17,2,NA,NA,484,92
2020-10-26,"VU ligoninės Santaros klinikų laboratorija",1423,0,1398,0,25,0,NA,NA,95,0
2020-10-27,"Klaipėdos universitetinės ligoninės laboratorija",850,337,746,315,104,78,NA,NA,12,12
2020-10-27,"Klaipėdos vaikų ligoninės laboratorija",1,0,1,0,0,0,NA,NA,0,0
2020-10-27,"LSMU ligoninės Kauno klinikų laboratorija",909,0,889,0,20,0,NA,NA,0,0
2020-10-27,"Nacionalinė visuomenės sveikatos priežiūros laboratorija",337,54,318,43,19,11,NA,NA,50,0
2020-10-27,"Nacionalinio vėžio instituto laboratorija",90,0,89,0,1,0,NA,NA,6,0
2020-10-27,"Respublikinės Klaipėdos ligoninės laboratorija",6,0,6,0,0,0,NA,NA,0,0
2020-10-27,"Respublikinės Panevėžio ligoninės laboratorija",179,0,165,0,14,0,NA,NA,0,0
2020-10-27,"Respublikinės Šiaulių ligoninės laboratorija",670,0,650,0,20,0,NA,NA,0,0
2020-10-27,"SYNLAB Lietuva UAB",102,0,99,0,3,0,NA,NA,0,0
2020-10-27,"Tauragės ligoninės laboratorija",5,0,5,0,0,0,NA,NA,0,0
2020-10-27,"UAB „Baltic Medics“",1038,408,974,929,64,45,NA,NA,0,0
2020-10-27,"UAB „Diagnostikos laboratorija“ („Antėja“ Kaunas)",1147,777,1020,667,127,110,NA,NA,0,0
2020-10-27,"UAB „Diagnostikos laboratorija“ („Antėja“ Klaipėda)",740,459,595,328,145,131,NA,NA,170,169
2020-10-27,"UAB „Diagnostikos laboratorija“ („Antėja“ Vilnius)",529,5,511,4,18,1,NA,NA,299,108
2020-10-27,"UAB „InMedica“",374,51,351,48,23,3,NA,NA,0,0
2020-10-27,"UAB „Medicina practica laboratorija“",2116,0,1999,59,117,37,NA,NA,298,83
2020-10-27,"UAB „SK Impeks Medicinos diagnostikos centras“",250,0,240,0,10,0,NA,NA,0,0
2020-10-27,"VU ligoninės Santaros klinikų laboratorija",1463,0,1413,0,50,0,NA,NA,7,0
2020-10-28,"Klaipėdos universitetinės ligoninės laboratorija",756,259,667,191,89,64,NA,NA,40,40
2020-10-28,"Klaipėdos vaikų ligoninės laboratorija",1,0,1,0,0,0,NA,NA,0,0
2020-10-28,"LSMU ligoninės Kauno klinikų laboratorija",754,0,733,0,21,0,NA,NA,0,0
2020-10-28,"Nacionalinė visuomenės sveikatos priežiūros laboratorija",295,12,278,12,17,0,NA,NA,45,0
2020-10-28,"Nacionalinio maisto ir veterinarijos rizikos vertinimo instituto laboratorija",1186,916,987,720,199,192,NA,NA,0,0
2020-10-28,"Nacionalinio vėžio instituto laboratorija",87,0,84,0,3,0,NA,NA,0,0
2020-10-28,"Respublikinės Klaipėdos ligoninės laboratorija",21,0,21,0,0,0,NA,NA,0,0
2020-10-28,"Respublikinės Panevėžio ligoninės laboratorija",164,0,155,0,9,0,NA,NA,0,0
2020-10-28,"Respublikinės Šiaulių ligoninės laboratorija",550,0,514,0,36,0,NA,NA,0,0
2020-10-28,"SYNLAB Lietuva UAB",158,0,153,0,5,0,NA,NA,0,0
2020-10-28,"Tauragės ligoninės laboratorija",4,0,3,0,1,0,NA,NA,0,0
2020-10-28,"UAB „Baltic Medics“",988,422,889,362,99,60,NA,NA,0,0
2020-10-28,"UAB „Diagnostikos laboratorija“ („Antėja“ Kaunas)",1433,1018,1324,925,109,93,NA,NA,279,279
2020-10-28,"UAB „Diagnostikos laboratorija“ („Antėja“ Klaipėda)",646,525,541,426,105,99,NA,NA,195,83
2020-10-28,"UAB „Diagnostikos laboratorija“ („Antėja“ Vilnius)",834,162,773,132,61,30,NA,NA,259,65
2020-10-28,"UAB „InMedica“",365,0,332,0,33,0,NA,NA,0,0
2020-10-28,"UAB „Medicina practica laboratorija“",2190,184,2103,159,87,25,NA,NA,101,21
2020-10-28,"UAB „SK Impeks Medicinos diagnostikos centras“",144,0,137,0,7,0,NA,NA,0,0
2020-10-28,"VU ligoninės Santaros klinikų laboratorija",1290,0,1258,0,32,0,NA,NA,9,0
2020-10-29,"Klaipėdos universitetinės ligoninės laboratorija",941,406,802,288,139,115,NA,NA,2,2
2020-10-29,"LSMU ligoninės Kauno klinikų laboratorija",676,0,654,0,22,0,NA,NA,0,0
2020-10-29,"Nacionalinė visuomenės sveikatos priežiūros laboratorija",313,34,306,34,7,0,NA,NA,45,0
2020-10-29,"Nacionalinio maisto ir veterinarijos rizikos vertinimo instituto laboratorija",1023,908,842,729,181,169,NA,NA,100,0
2020-10-29,"Nacionalinio vėžio instituto laboratorija",84,0,84,0,0,0,NA,NA,9,0
2020-10-29,"Respublikinės Klaipėdos ligoninės laboratorija",11,0,11,0,0,0,NA,NA,0,0
2020-10-29,"Respublikinės Panevėžio ligoninės laboratorija",178,0,167,0,11,0,NA,NA,0,0
2020-10-29,"Respublikinės Šiaulių ligoninės laboratorija",603,2,574,2,29,0,NA,NA,0,0
2020-10-29,"SYNLAB Lietuva UAB",159,0,148,0,11,0,NA,NA,0,0
2020-10-29,"Tauragės ligoninės laboratorija",8,0,6,0,2,0,NA,NA,0,0
2020-10-29,"UAB „Baltic Medics“",1070,580,981,500,89,80,NA,NA,0,0
2020-10-29,"UAB „Diagnostikos laboratorija“ („Antėja“ Kaunas)",1144,609,1058,539,86,70,NA,NA,301,301
2020-10-29,"UAB „Diagnostikos laboratorija“ („Antėja“ Klaipėda)",1365,1035,1156,831,209,204,NA,NA,113,111
2020-10-29,"UAB „Diagnostikos laboratorija“ („Antėja“ Vilnius)",807,65,749,51,58,14,NA,NA,259,87
2020-10-29,"UAB „InMedica“",550,67,512,57,38,10,NA,NA,0,0
2020-10-29,"UAB „Medicina practica laboratorija“",2281,135,2130,97,151,35,NA,NA,343,37
2020-10-29,"UAB „SK Impeks Medicinos diagnostikos centras“",228,0,222,0,6,0,NA,NA,0,0
2020-10-29,"VU ligoninės Santaros klinikų laboratorija",1295,0,1252,0,43,0,NA,NA,72,0
2020-10-30,"Klaipėdos universitetinės ligoninės laboratorija",750,352,609,242,141,106,NA,NA,30,0
2020-10-30,"Klaipėdos vaikų ligoninės laboratorija",1,0,1,0,0,0,NA,NA,0,0
2020-10-30,"LSMU ligoninės Kauno klinikų laboratorija",652,0,629,0,23,0,NA,NA,0,0
2020-10-30,"Nacionalinė visuomenės sveikatos priežiūros laboratorija",294,14,289,14,5,0,NA,NA,45,0
2020-10-30,"Nacionalinio vėžio instituto laboratorija",71,0,70,0,1,0,NA,NA,0,0
2020-10-30,"Respublikinės Klaipėdos ligoninės laboratorija",6,0,6,0,0,0,NA,NA,0,0
2020-10-30,"Respublikinės Panevėžio ligoninės laboratorija",175,0,171,0,4,0,NA,NA,0,0
2020-10-30,"Respublikinės Šiaulių ligoninės laboratorija",440,0,422,0,18,0,NA,NA,0,0
2020-10-30,"SYNLAB Lietuva UAB",270,0,257,0,13,0,NA,NA,0,0
2020-10-30,"Tauragės ligoninės laboratorija",11,0,7,0,4,0,NA,NA,0,0
2020-10-30,"UAB „Diagnostikos laboratorija“ („Antėja“ Kaunas)",1378,700,1259,616,119,84,NA,NA,188,188
2020-10-30,"UAB „Diagnostikos laboratorija“ („Antėja“ Klaipėda)",787,542,683,445,108,97,NA,NA,226,224
2020-10-30,"UAB „Diagnostikos laboratorija“ („Antėja“ Vilnius)",849,87,810,73,39,14,NA,NA,209,209
2020-10-30,"UAB „InMedica“",465,57,422,54,43,3,NA,NA,0,0
2020-10-30,"UAB „Medicina practica laboratorija“",2540,202,2346,151,194,48,NA,NA,48,11
2020-10-30,"UAB „SK Impeks Medicinos diagnostikos centras“",168,0,160,0,8,0,NA,NA,0,0
2020-10-30,"VU ligoninės Santaros klinikų laboratorija",1507,0,1451,0,56,0,NA,NA,87,0
2020-10-31,"Klaipėdos universitetinės ligoninės laboratorija",554,267,422,161,132,104,NA,NA,0,0
2020-10-31,"LSMU ligoninės Kauno klinikų laboratorija",152,0,141,0,11,0,NA,NA,0,0
2020-10-31,"Nacionalinė visuomenės sveikatos priežiūros laboratorija",187,0,186,0,1,0,NA,NA,45,0
2020-10-31,"Nacionalinio maisto ir veterinarijos rizikos vertinimo instituto laboratorija",929,881,717,670,212,209,NA,NA,0,500
2020-10-31,"Respublikinės Klaipėdos ligoninės laboratorija",18,0,13,0,5,0,NA,NA,0,0
2020-10-31,"Respublikinės Panevėžio ligoninės laboratorija",104,0,100,0,4,0,NA,NA,0,0
2020-10-31,"Respublikinės Šiaulių ligoninės laboratorija",274,0,257,0,17,0,NA,NA,0,0
2020-10-31,"SYNLAB Lietuva UAB",22,0,17,0,5,0,NA,NA,0,0
2020-10-31,"Tauragės ligoninės laboratorija",4,0,4,0,0,0,NA,NA,0,0
2020-10-31,"UAB „Diagnostikos laboratorija“ („Antėja“ Kaunas)",710,674,618,596,92,78,NA,NA,188,188
2020-10-31,"UAB „Diagnostikos laboratorija“ („Antėja“ Klaipėda)",670,645,535,405,135,130,NA,NA,0,0
2020-10-31,"UAB „Diagnostikos laboratorija“ („Antėja“ Vilnius)",938,91,861,57,77,34,NA,NA,229,0
2020-10-31,"UAB „InMedica“",393,125,355,119,38,6,NA,NA,0,0
2020-10-31,"UAB „Medicina practica laboratorija“",1309,116,1260,92,49,24,NA,NA,57,5
2020-10-31,"VU ligoninės Santaros klinikų laboratorija",533,0,496,0,37,0,NA,NA,7,0
2020-11-01,"Klaipėdos universitetinės ligoninės laboratorija",384,158,294,92,90,66,NA,NA,0,0
2020-11-01,"LSMU ligoninės Kauno klinikų laboratorija",188,0,178,0,10,0,NA,NA,0,0
2020-11-01,"Nacionalinė visuomenės sveikatos priežiūros laboratorija",187,0,186,0,1,0,NA,NA,0,0
2020-11-01,"Nacionalinio maisto ir veterinarijos rizikos vertinimo instituto laboratorija",838,782,671,615,167,162,NA,NA,0,0
2020-11-01,"Respublikinės Panevėžio ligoninės laboratorija",106,0,87,0,19,0,NA,NA,0,0
2020-11-01,"Respublikinės Šiaulių ligoninės laboratorija",295,0,267,0,28,0,NA,NA,0,0
2020-11-01,"UAB „Baltic Medics“",128,0,107,0,21,0,NA,NA,0,0
2020-11-01,"UAB „Diagnostikos laboratorija“ („Antėja“ Kaunas)",623,540,486,415,137,125,NA,NA,420,420
2020-11-01,"UAB „Diagnostikos laboratorija“ („Antėja“ Vilnius)",368,308,267,217,101,91,NA,NA,0,0
2020-11-01,"UAB „Medicina practica laboratorija“",601,167,507,126,94,41,NA,NA,0,0
2020-11-01,"VU ligoninės Santaros klinikų laboratorija",390,0,368,0,22,0,NA,NA,7,0
2020-11-02,"Klaipėdos universitetinės ligoninės laboratorija",441,150,341,93,100,57,NA,NA,0,0
2020-11-02,"LSMU ligoninės Kauno klinikų laboratorija",534,0,512,0,22,0,NA,NA,0,0
2020-11-02,"Nacionalinė visuomenės sveikatos priežiūros laboratorija",7,1,6,1,1,0,NA,NA,0,0
2020-11-02,"Nacionalinio maisto ir veterinarijos rizikos vertinimo instituto laboratorija",936,894,714,678,222,210,NA,NA,25,25
2020-11-02,"Respublikinės Klaipėdos ligoninės laboratorija",19,0,16,0,3,0,NA,NA,0,0
2020-11-02,"Respublikinės Panevėžio ligoninės laboratorija",103,0,96,0,7,0,NA,NA,0,0
2020-11-02,"Respublikinės Šiaulių ligoninės laboratorija",306,0,283,0,23,0,NA,NA,0,0
2020-11-02,"Tauragės ligoninės laboratorija",1,0,1,0,0,0,NA,NA,0,0
2020-11-02,"UAB „Baltic Medics“",323,89,243,51,80,38,NA,NA,0,0
2020-11-02,"UAB „Diagnostikos laboratorija“ („Antėja“ Kaunas)",949,848,819,735,130,113,NA,NA,224,224
2020-11-02,"UAB „Diagnostikos laboratorija“ („Antėja“ Vilnius)",125,8,119,5,6,3,NA,NA,0,0
2020-11-02,"UAB „InMedica“",50,0,47,0,3,0,NA,NA,0,0
2020-11-02,"UAB „Medicina practica laboratorija“",697,165,647,149,50,16,NA,NA,12,0
2020-11-02,"VU ligoninės Santaros klinikų laboratorija",502,0,469,0,33,0,NA,NA,1,0
2020-11-03,"Klaipėdos universitetinės ligoninės laboratorija",869,220,742,146,127,74,NA,NA,105,105
2020-11-03,"LSMU ligoninės Kauno klinikų laboratorija",891,0,867,0,24,0,NA,NA,0,0
2020-11-03,"Nacionalinė visuomenės sveikatos priežiūros laboratorija",130,81,129,81,1,0,NA,NA,45,0
2020-11-03,"Nacionalinio maisto ir veterinarijos rizikos vertinimo instituto laboratorija",1023,845,819,646,204,194,NA,NA,400,400
2020-11-03,"Nacionalinio vėžio instituto laboratorija",89,0,87,0,2,0,NA,NA,29,0
2020-11-03,"Respublikinės Klaipėdos ligoninės laboratorija",12,0,11,0,1,0,NA,NA,0,0
2020-11-03,"Respublikinės Panevėžio ligoninės laboratorija",211,0,198,0,13,0,NA,NA,0,0
2020-11-03,"Respublikinės Šiaulių ligoninės laboratorija",522,1,492,1,30,0,NA,NA,0,0
2020-11-03,"SYNLAB Lietuva UAB",13,0,13,0,0,0,NA,NA,0,0
2020-11-03,"Tauragės ligoninės laboratorija",5,0,5,0,0,0,NA,NA,0,0
2020-11-03,"UAB „Baltic Medics“",1186,723,1027,636,159,87,NA,NA,0,0
2020-11-03,"UAB „Diagnostikos laboratorija“ („Antėja“ Kaunas)",1341,832,1148,676,193,156,NA,NA,282,282
2020-11-03,"UAB „Diagnostikos laboratorija“ („Antėja“ Klaipėda)",886,590,801,519,85,71,NA,NA,128,128
2020-11-03,"UAB „Diagnostikos laboratorija“ („Antėja“ Vilnius)",920,46,899,42,21,4,NA,NA,706,175
2020-11-03,"UAB „InMedica“",221,55,205,50,16,5,NA,NA,0,0
2020-11-03,"UAB „Medicina practica laboratorija“",1835,50,1776,26,59,24,NA,NA,199,101
2020-11-03,"UAB „SK Impeks Medicinos diagnostikos centras“",167,0,141,0,26,0,NA,NA,0,0
2020-11-03,"VU ligoninės Santaros klinikų laboratorija",1738,0,1658,0,80,0,NA,NA,99,0
2020-11-04,"Klaipėdos universitetinės ligoninės laboratorija",1035,436,808,253,227,183,NA,NA,48,48
2020-11-04,"LSMU ligoninės Kauno klinikų laboratorija",788,0,768,0,20,0,NA,NA,0,0
2020-11-04,"Nacionalinė visuomenės sveikatos priežiūros laboratorija",325,3,309,3,16,0,NA,NA,45,0
2020-11-04,"Nacionalinio maisto ir veterinarijos rizikos vertinimo instituto laboratorija",1116,960,851,698,265,259,NA,NA,465,430
2020-11-04,"Nacionalinio vėžio instituto laboratorija",90,0,88,0,2,0,NA,NA,29,0
2020-11-04,"Respublikinės Klaipėdos ligoninės laboratorija",28,0,22,0,6,0,NA,NA,0,0
2020-11-04,"Respublikinės Panevėžio ligoninės laboratorija",190,0,175,0,15,0,NA,NA,0,0
2020-11-04,"Respublikinės Šiaulių ligoninės laboratorija",746,0,698,0,48,0,NA,NA,0,0
2020-11-04,"SYNLAB Lietuva UAB",199,0,183,0,16,0,NA,NA,0,0
2020-11-04,"Tauragės ligoninės laboratorija",1,0,0,0,1,0,NA,NA,0,0
2020-11-04,"UAB „Baltic Medics“",1263,842,1125,740,138,102,NA,NA,0,0
2020-11-04,"UAB „Diagnostikos laboratorija“ („Antėja“ Kaunas)",1524,883,1311,732,213,151,NA,NA,282,282
2020-11-04,"UAB „Diagnostikos laboratorija“ („Antėja“ Klaipėda)",1145,543,1007,410,138,133,NA,NA,126,126
2020-11-04,"UAB „Diagnostikos laboratorija“ („Antėja“ Vilnius)",1055,172,982,134,73,38,NA,NA,1212,428
2020-11-04,"UAB „InMedica“",457,33,392,18,65,15,NA,NA,0,0
2020-11-04,"UAB „Medicina practica laboratorija“",2846,286,2626,220,220,66,NA,NA,186,16
2020-11-04,"UAB „SK Impeks Medicinos diagnostikos centras“",167,0,157,0,10,0,NA,NA,0,0
2020-11-04,"VU ligoninės Santaros klinikų laboratorija",1619,0,1520,0,99,0,NA,NA,7,0
2020-11-05,"Klaipėdos universitetinės ligoninės laboratorija",849,298,648,148,201,150,NA,NA,88,88
2020-11-05,"LSMU ligoninės Kauno klinikų laboratorija",786,0,761,0,25,0,NA,NA,0,0
2020-11-05,"Nacionalinė visuomenės sveikatos priežiūros laboratorija",342,45,331,45,11,0,NA,NA,45,0
2020-11-05,"Nacionalinio maisto ir veterinarijos rizikos vertinimo instituto laboratorija",1116,966,893,751,223,214,NA,NA,600,400
2020-11-05,"Nacionalinio vėžio instituto laboratorija",92,0,91,0,1,0,NA,NA,5,0
2020-11-05,"Respublikinės Klaipėdos ligoninės laboratorija",4,0,4,0,0,0,NA,NA,0,0
2020-11-05,"Respublikinės Panevėžio ligoninės laboratorija",139,0,129,0,10,0,NA,NA,0,0
2020-11-05,"Respublikinės Šiaulių ligoninės laboratorija",599,0,565,0,34,0,NA,NA,0,0
2020-11-05,"SYNLAB Lietuva UAB",376,0,352,0,24,0,NA,NA,0,0
2020-11-05,"Tauragės ligoninės laboratorija",3,0,3,0,0,0,NA,NA,0,0
2020-11-05,"UAB „Baltic Medics“",1188,750,1042,675,146,94,NA,NA,145,96
2020-11-05,"UAB „Diagnostikos laboratorija“ („Antėja“ Kaunas)",1169,608,1018,491,151,117,NA,NA,200,200
2020-11-05,"UAB „Diagnostikos laboratorija“ („Antėja“ Klaipėda)",937,501,762,359,175,142,NA,NA,296,147
2020-11-05,"UAB „Diagnostikos laboratorija“ („Antėja“ Vilnius)",1841,533,1624,371,217,162,NA,NA,172,0
2020-11-05,"UAB „InMedica“",771,100,678,65,93,35,NA,NA,0,0
2020-11-05,"UAB „Medicina practica laboratorija“",3500,120,3282,76,218,44,NA,NA,339,103
2020-11-05,"UAB „SK Impeks Medicinos diagnostikos centras“",252,0,240,0,12,0,NA,NA,0,0
2020-11-05,"VU ligoninės Santaros klinikų laboratorija",1525,0,1489,0,36,0,NA,NA,71,0
2020-11-06,"Klaipėdos universitetinės ligoninės laboratorija",1041,503,811,318,230,184,NA,NA,59,59
2020-11-06,"LSMU ligoninės Kauno klinikų laboratorija",659,0,627,0,32,0,NA,NA,0,0
2020-11-06,"Nacionalinė visuomenės sveikatos priežiūros laboratorija",336,49,297,30,39,19,NA,NA,50,0
2020-11-06,"Nacionalinio maisto ir veterinarijos rizikos vertinimo instituto laboratorija",1395,938,1112,677,283,260,NA,NA,300,300
2020-11-06,"Nacionalinio vėžio instituto laboratorija",85,0,83,0,2,0,NA,NA,0,0
2020-11-06,"Respublikinės Klaipėdos ligoninės laboratorija",5,0,3,0,2,0,NA,NA,0,0
2020-11-06,"Respublikinės Panevėžio ligoninės laboratorija",148,0,141,0,7,0,NA,NA,0,0
2020-11-06,"Respublikinės Šiaulių ligoninės laboratorija",544,0,499,0,45,0,NA,NA,0,0
2020-11-06,"SYNLAB Lietuva UAB",283,0,251,0,32,0,NA,NA,0,0
2020-11-06,"Tauragės ligoninės laboratorija",4,0,4,0,0,0,NA,NA,0,0
2020-11-06,"UAB „Baltic Medics“",1060,459,896,399,164,60,NA,NA,0,0
2020-11-06,"UAB „Diagnostikos laboratorija“ („Antėja“ Kaunas)",1352,698,1114,503,238,195,NA,NA,200,200
2020-11-06,"UAB „Diagnostikos laboratorija“ („Antėja“ Klaipėda)",1348,679,1204,567,144,112,NA,NA,43,37
2020-11-06,"UAB „Diagnostikos laboratorija“ („Antėja“ Vilnius)",1236,223,1103,151,133,72,NA,NA,319,150
2020-11-06,"UAB „Medicina practica laboratorija“",3378,260,3083,146,295,114,NA,NA,125,12
2020-11-06,"UAB „SK Impeks Medicinos diagnostikos centras“",156,0,153,0,3,0,NA,NA,0,0
2020-11-06,"VU ligoninės Santaros klinikų laboratorija",1665,0,1617,0,48,0,NA,NA,9,0
2020-11-07,"Klaipėdos universitetinės ligoninės laboratorija",559,363,394,223,165,139,NA,NA,0,0
2020-11-07,"LSMU ligoninės Kauno klinikų laboratorija",439,0,417,0,22,0,NA,NA,0,0
2020-11-07,"Nacionalinė visuomenės sveikatos priežiūros laboratorija",170,1,166,1,4,0,NA,NA,45,0
2020-11-07,"Nacionalinio maisto ir veterinarijos rizikos vertinimo instituto laboratorija",1116,1098,843,826,273,269,NA,NA,400,300
2020-11-07,"Respublikinės Klaipėdos ligoninės laboratorija",37,0,25,0,12,0,NA,NA,0,0
2020-11-07,"Respublikinės Panevėžio ligoninės laboratorija",74,0,62,0,12,0,NA,NA,0,0
2020-11-07,"Respublikinės Šiaulių ligoninės laboratorija",314,0,284,0,30,0,NA,NA,0,0
2020-11-07,"SYNLAB Lietuva UAB",146,0,132,0,14,0,NA,NA,0,0
2020-11-07,"Tauragės ligoninės laboratorija",5,0,4,0,1,0,NA,NA,0,0
2020-11-07,"UAB „Diagnostikos laboratorija“ („Antėja“ Kaunas)",1310,1194,1114,1012,196,182,NA,NA,200,200
2020-11-07,"UAB „Diagnostikos laboratorija“ („Antėja“ Klaipėda)",132,112,110,98,22,14,NA,NA,0,0
2020-11-07,"UAB „Diagnostikos laboratorija“ („Antėja“ Vilnius)",612,215,539,151,73,64,NA,NA,280,280
2020-11-07,"UAB „InMedica“",738,147,663,118,75,28,NA,NA,0,0
2020-11-07,"UAB „Medicina practica laboratorija“",888,205,708,126,180,79,NA,NA,118,3
2020-11-07,"VU ligoninės Santaros klinikų laboratorija",630,0,539,0,91,0,NA,NA,6,0
2020-11-08,"Klaipėdos universitetinės ligoninės laboratorija",608,233,462,128,146,105,NA,NA,44,44
2020-11-08,"LSMU ligoninės Kauno klinikų laboratorija",309,0,300,0,9,0,NA,NA,0,0
2020-11-08,"Nacionalinio maisto ir veterinarijos rizikos vertinimo instituto laboratorija",1023,936,725,657,298,278,NA,NA,36,36
2020-11-08,"Respublikinės Panevėžio ligoninės laboratorija",69,0,60,0,9,0,NA,NA,0,0
2020-11-08,"Respublikinės Šiaulių ligoninės laboratorija",215,0,191,0,24,0,NA,NA,0,0
2020-11-08,"UAB „Baltic Medics“",133,32,102,23,31,9,NA,NA,0,0
2020-11-08,"UAB „Diagnostikos laboratorija“ („Antėja“ Kaunas)",893,822,664,607,229,215,NA,NA,200,200
2020-11-08,"UAB „Diagnostikos laboratorija“ („Antėja“ Vilnius)",267,250,170,160,97,90,NA,NA,280,280
2020-11-08,"UAB „Medicina practica laboratorija“",567,179,455,144,112,35,NA,NA,0,0
2020-11-08,"VšĮ Respublikinės Vilniaus universitetinės ligoninės laboratorija",41,0,37,0,4,0,NA,NA,0,0
2020-11-08,"VU ligoninės Santaros klinikų laboratorija",364,0,331,0,33,0,NA,NA,5,0
2020-11-09,"Klaipėdos universitetinės ligoninės laboratorija",846,321,705,229,141,91,NA,NA,56,56
2020-11-09,"LSMU ligoninės Kauno klinikų laboratorija",1027,0,991,0,36,0,NA,NA,7,0
2020-11-09,"Nacionalinė visuomenės sveikatos priežiūros laboratorija",135,93,133,92,2,1,NA,NA,45,0
2020-11-09,"Nacionalinio maisto ir veterinarijos rizikos vertinimo instituto laboratorija",1209,1016,923,734,286,278,NA,NA,300,260
2020-11-09,"Nacionalinio vėžio instituto laboratorija",80,0,76,0,4,0,NA,NA,1,0
2020-11-09,"Respublikinės Klaipėdos ligoninės laboratorija",39,0,33,0,6,0,NA,NA,0,0
2020-11-09,"Respublikinės Panevėžio ligoninės laboratorija",162,0,147,0,15,0,NA,NA,0,0
2020-11-09,"Respublikinės Šiaulių ligoninės laboratorija",433,0,401,0,32,0,NA,NA,0,0
2020-11-09,"SYNLAB Lietuva UAB",188,0,171,0,17,0,NA,NA,0,0
2020-11-09,"Tauragės ligoninės laboratorija",3,0,2,0,1,0,NA,NA,0,0
2020-11-09,"UAB „Baltic Medics“",1041,467,920,399,121,68,NA,NA,0,0
2020-11-09,"UAB „Diagnostikos laboratorija“ („Antėja“ Kaunas)",1861,1152,1646,937,215,215,NA,NA,200,200
2020-11-09,"UAB „Diagnostikos laboratorija“ („Antėja“ Klaipėda)",468,339,366,239,102,100,NA,NA,261,259
2020-11-09,"UAB „Diagnostikos laboratorija“ („Antėja“ Vilnius)",943,572,754,383,189,189,NA,NA,280,0
2020-11-09,"UAB „InMedica“",282,37,253,28,29,9,NA,NA,0,0
2020-11-09,"UAB „Medicina practica laboratorija“",2278,94,2116,61,162,33,NA,NA,122,48
2020-11-09,"UAB „SK Impeks Medicinos diagnostikos centras“",168,0,156,0,12,0,NA,NA,0,0
2020-11-09,"VšĮ Respublikinės Vilniaus universitetinės ligoninės laboratorija",45,0,43,0,2,0,NA,NA,0,0
2020-11-09,"VU ligoninės Santaros klinikų laboratorija",1554,0,1473,0,81,0,NA,NA,256,0
2020-11-10,"Klaipėdos universitetinės ligoninės laboratorija",1037,444,834,280,203,161,NA,NA,31,31
2020-11-10,"Klaipėdos vaikų ligoninės laboratorija",1,0,0,0,1,0,NA,NA,0,0
2020-11-10,"LSMU ligoninės Kauno klinikų laboratorija",616,0,596,0,20,0,NA,NA,350,0
2020-11-10,"Nacionalinė visuomenės sveikatos priežiūros laboratorija",338,16,312,16,26,0,NA,NA,45,0
2020-11-10,"Nacionalinio maisto ir veterinarijos rizikos vertinimo instituto laboratorija",1210,1027,913,732,297,295,NA,NA,150,40
2020-11-10,"Nacionalinio vėžio instituto laboratorija",82,0,80,0,2,0,NA,NA,0,0
2020-11-10,"Regioninės Telšių ligoninės laboratorija",1,0,0,0,1,0,NA,NA,0,0
2020-11-10,"Respublikinės Klaipėdos ligoninės laboratorija",8,0,8,0,0,0,NA,NA,0,0
2020-11-10,"Respublikinės Panevėžio ligoninės laboratorija",127,0,119,0,8,0,NA,NA,0,0
2020-11-10,"Respublikinės Šiaulių ligoninės laboratorija",485,0,447,0,38,0,NA,NA,0,0
2020-11-10,"SYNLAB Lietuva UAB",286,0,248,0,38,50,NA,NA,0,0
2020-11-10,"Tauragės ligoninės laboratorija",1,0,1,0,0,0,NA,NA,0,0
2020-11-10,"UAB „Baltic Medics“",1018,681,887,603,131,84,NA,NA,0,0
2020-11-10,"UAB „Diagnostikos laboratorija“ („Antėja“ Kaunas)",987,596,856,495,131,101,NA,NA,470,470
2020-11-10,"UAB „Diagnostikos laboratorija“ („Antėja“ Klaipėda)",722,504,611,412,111,92,NA,NA,180,85
2020-11-10,"UAB „Diagnostikos laboratorija“ („Antėja“ Vilnius)",1083,284,933,188,150,96,NA,NA,617,315
2020-11-10,"UAB „InMedica“",564,121,481,91,83,30,NA,NA,0,0
2020-11-10,"UAB „Medicina practica laboratorija“",2419,71,2186,34,233,36,NA,NA,484,124
2020-11-10,"UAB „SK Impeks Medicinos diagnostikos centras“",130,0,116,0,14,0,NA,NA,0,0
2020-11-10,"VšĮ Respublikinės Vilniaus universitetinės ligoninės laboratorija",45,0,43,0,2,0,NA,NA,0,0
2020-11-10,"VU ligoninės Santaros klinikų laboratorija",1932,0,1865,0,67,0,NA,NA,50,0
2020-11-11,"Klaipėdos universitetinės ligoninės laboratorija",944,445,740,227,204,165,NA,NA,22,22
2020-11-11,"LSMU ligoninės Kauno klinikų laboratorija",880,0,847,0,33,3,NA,NA,185,0
2020-11-11,"Nacionalinė visuomenės sveikatos priežiūros laboratorija",337,73,287,50,50,23,NA,NA,45,0
2020-11-11,"Nacionalinio maisto ir veterinarijos rizikos vertinimo instituto laboratorija",1209,914,941,658,268,255,NA,NA,300,300
2020-11-11,"Nacionalinio vėžio instituto laboratorija",83,0,83,0,0,0,NA,NA,6,0
2020-11-11,"Respublikinės Klaipėdos ligoninės laboratorija",43,0,29,0,14,0,NA,NA,0,0
2020-11-11,"Respublikinės Panevėžio ligoninės laboratorija",263,0,235,0,28,0,NA,NA,0,0
2020-11-11,"Respublikinės Šiaulių ligoninės laboratorija",719,0,677,0,42,0,NA,NA,0,0
2020-11-11,"SYNLAB Lietuva UAB",283,0,244,0,39,0,NA,NA,0,0
2020-11-11,"UAB „Baltic Medics“",1340,760,1188,672,152,88,NA,NA,0,0
2020-11-11,"UAB „Diagnostikos laboratorija“ („Antėja“ Kaunas)",1518,567,1316,453,202,114,NA,NA,492,481
2020-11-11,"UAB „Diagnostikos laboratorija“ („Antėja“ Klaipėda)",910,554,802,467,108,87,NA,NA,368,253
2020-11-11,"UAB „Diagnostikos laboratorija“ („Antėja“ Vilnius)",1168,631,1013,492,155,139,NA,NA,843,171
2020-11-11,"UAB „InMedica“",567,158,487,96,80,62,NA,NA,0,0
2020-11-11,"UAB „Medicina practica laboratorija“",2527,394,2193,209,334,182,NA,NA,88,24
2020-11-11,"UAB „SK Impeks Medicinos diagnostikos centras“",178,0,165,0,13,0,NA,NA,0,0
2020-11-11,"VšĮ Respublikinės Vilniaus universitetinės ligoninės laboratorija",53,0,52,0,1,0,NA,NA,0,0
2020-11-11,"VU ligoninės Santaros klinikų laboratorija",1433,0,1360,0,73,0,NA,NA,27,0
2020-11-12,"Klaipėdos universitetinės ligoninės laboratorija",746,374,532,215,214,156,NA,NA,0,0
2020-11-12,"LSMU ligoninės Kauno klinikų laboratorija",820,0,784,0,36,0,NA,NA,91,0
2020-11-12,"Nacionalinė visuomenės sveikatos priežiūros laboratorija",339,6,327,1,12,5,NA,NA,45,0
2020-11-12,"Nacionalinio maisto ir veterinarijos rizikos vertinimo instituto laboratorija",1116,955,868,719,248,236,NA,NA,300,300
2020-11-12,"Nacionalinio vėžio instituto laboratorija",60,0,60,0,0,0,NA,NA,9,0
2020-11-12,"Regioninės Telšių ligoninės laboratorija",3,0,3,0,0,0,NA,NA,0,0
2020-11-12,"Respublikinės Klaipėdos ligoninės laboratorija",9,0,4,0,5,0,NA,NA,0,0
2020-11-12,"Respublikinės Panevėžio ligoninės laboratorija",241,0,224,0,17,0,NA,NA,0,0
2020-11-12,"Respublikinės Šiaulių ligoninės laboratorija",611,0,567,0,44,0,NA,NA,0,0
2020-11-12,"SYNLAB Lietuva UAB",282,0,266,0,16,0,NA,NA,0,0
2020-11-12,"Tauragės ligoninės laboratorija",1,0,1,0,0,0,NA,NA,0,0
2020-11-12,"UAB „Baltic Medics“",1425,952,1275,910,150,42,NA,NA,242,145
2020-11-12,"UAB „Diagnostikos laboratorija“ („Antėja“ Kaunas)",1508,652,1344,569,164,72,NA,NA,825,770
2020-11-12,"UAB „Diagnostikos laboratorija“ („Antėja“ Klaipėda)",1141,861,901,644,240,176,NA,NA,518,93
2020-11-12,"UAB „Diagnostikos laboratorija“ („Antėja“ Vilnius)",1203,536,1033,405,170,131,NA,NA,319,0
2020-11-12,"UAB „InMedica“",535,158,455,96,80,62,NA,NA,0,0
2020-11-12,"UAB „Medicina practica laboratorija“",3164,184,2871,95,293,88,NA,NA,76,41
2020-11-12,"UAB „SK Impeks Medicinos diagnostikos centras“",156,0,152,0,4,0,NA,NA,0,0
2020-11-12,"VšĮ Respublikinės Vilniaus universitetinės ligoninės laboratorija",38,0,36,0,2,0,NA,NA,0,0
2020-11-12,"VU ligoninės Santaros klinikų laboratorija",1666,0,1600,0,66,0,NA,NA,14,0
2020-11-13,"Klaipėdos universitetinės ligoninės laboratorija",815,344,647,213,168,120,NA,NA,90,90
2020-11-13,"Klaipėdos vaikų ligoninės laboratorija",1,0,1,0,0,0,NA,NA,0,0
2020-11-13,"LSMU ligoninės Kauno klinikų laboratorija",848,0,821,0,27,0,NA,NA,30,0
2020-11-13,"Nacionalinė visuomenės sveikatos priežiūros laboratorija",342,0,318,0,24,0,NA,NA,40,0
2020-11-13,"Nacionalinio maisto ir veterinarijos rizikos vertinimo instituto laboratorija",1235,1065,947,811,288,269,NA,NA,558,300
2020-11-13,"Nacionalinio vėžio instituto laboratorija",80,0,80,0,0,0,NA,NA,25,0
2020-11-13,"Regioninės Telšių ligoninės laboratorija",3,0,2,0,1,0,NA,NA,0,0
2020-11-13,"Respublikinės Klaipėdos ligoninės laboratorija",3,0,3,0,0,0,NA,NA,0,0
2020-11-13,"Respublikinės Panevėžio ligoninės laboratorija",156,0,144,0,12,0,NA,NA,0,0
2020-11-13,"Respublikinės Šiaulių ligoninės laboratorija",624,0,576,0,48,0,NA,NA,0,0
2020-11-13,"SYNLAB Lietuva UAB",417,0,319,0,98,0,NA,NA,0,0
2020-11-13,"Tauragės ligoninės laboratorija",2,0,1,0,1,0,NA,NA,0,0
2020-11-13,"UAB „Baltic Medics“",1401,883,1167,783,234,87,NA,NA,0,0
2020-11-13,"UAB „Diagnostikos laboratorija“ („Antėja“ Kaunas)",1409,790,1264,663,145,99,NA,NA,200,150
2020-11-13,"UAB „Diagnostikos laboratorija“ („Antėja“ Klaipėda)",881,204,764,286,117,35,NA,NA,501,295
2020-11-13,"UAB „Diagnostikos laboratorija“ („Antėja“ Vilnius)",1014,496,853,366,161,130,NA,NA,537,333
2020-11-13,"UAB „InMedica“",759,246,655,187,104,57,NA,NA,0,0
2020-11-13,"UAB „Medicina practica laboratorija“",2405,332,2184,259,221,73,NA,NA,25,10
2020-11-13,"UAB „SK Impeks Medicinos diagnostikos centras“",188,0,172,0,16,0,NA,NA,0,0
2020-11-13,"UAB Rezus.lt",388,300,233,155,155,145,NA,NA,0,0
2020-11-13,"VU ligoninės Santaros klinikų laboratorija",1608,0,1513,0,95,0,NA,NA,212,0
2020-11-14,"Klaipėdos universitetinės ligoninės laboratorija",288,255,111,111,179,144,NA,NA,62,62
2020-11-14,"LSMU ligoninės Kauno klinikų laboratorija",461,0,434,0,27,0,NA,NA,4,0
2020-11-14,"Nacionalinė visuomenės sveikatos priežiūros laboratorija",173,0,168,0,5,0,NA,NA,40,0
2020-11-14,"Nacionalinio maisto ir veterinarijos rizikos vertinimo instituto laboratorija",1116,940,864,704,252,235,NA,NA,420,420
2020-11-14,"Respublikinės Klaipėdos ligoninės laboratorija",26,0,11,0,15,0,NA,NA,0,0
2020-11-14,"Respublikinės Panevėžio ligoninės laboratorija",126,0,116,0,10,0,NA,NA,0,0
2020-11-14,"Respublikinės Šiaulių ligoninės laboratorija",353,8,317,7,36,1,NA,NA,0,0
2020-11-14,"Tauragės ligoninės laboratorija",6,0,3,0,3,0,NA,NA,0,0
2020-11-14,"UAB „Baltic Medics“",409,124,358,112,51,13,NA,NA,0,0
2020-11-14,"UAB „Diagnostikos laboratorija“ („Antėja“ Kaunas)",358,259,293,210,65,50,NA,NA,43,43
2020-11-14,"UAB „Diagnostikos laboratorija“ („Antėja“ Vilnius)",1353,894,1119,683,234,211,NA,NA,600,600
2020-11-14,"UAB „Medicina practica laboratorija“",1220,484,1027,363,193,121,NA,NA,2,0
2020-11-14,"VU ligoninės Santaros klinikų laboratorija",715,71,630,54,85,17,NA,NA,12,0
2020-11-15,"Klaipėdos universitetinės ligoninės laboratorija",566,277,407,159,159,112,NA,NA,49,0
2020-11-15,"LSMU ligoninės Kauno klinikų laboratorija",202,0,193,0,9,0,NA,NA,53,0
2020-11-15,"Nacionalinio maisto ir veterinarijos rizikos vertinimo instituto laboratorija",1023,992,736,710,287,273,NA,NA,4,4
2020-11-15,"Regioninės Telšių ligoninės laboratorija",1,0,0,0,1,0,NA,NA,0,0
2020-11-15,"Respublikinės Panevėžio ligoninės laboratorija",147,0,136,0,11,0,NA,NA,0,0
2020-11-15,"Respublikinės Šiaulių ligoninės laboratorija",331,88,267,49,64,39,NA,NA,0,0
2020-11-15,"Tauragės ligoninės laboratorija",3,0,2,0,1,0,NA,NA,0,0
2020-11-15,"UAB „Baltic Medics“",141,35,132,32,9,3,NA,NA,0,0
2020-11-15,"UAB „Diagnostikos laboratorija“ („Antėja“ Kaunas)",449,363,403,306,46,40,NA,NA,0,0
2020-11-15,"UAB „Diagnostikos laboratorija“ („Antėja“ Vilnius)",707,486,542,329,165,157,NA,NA,320,320
2020-11-15,"UAB „Medicina practica laboratorija“",402,176,314,126,88,50,NA,NA,0,0
2020-11-15,"VšĮ Respublikinės Vilniaus universitetinės ligoninės laboratorija",131,0,127,0,4,0,NA,NA,0,0
2020-11-15,"VU ligoninės Santaros klinikų laboratorija",355,0,329,0,26,0,NA,NA,19,0
2020-11-16,"Klaipėdos universitetinės ligoninės laboratorija",941,365,745,225,196,139,NA,NA,22,22
2020-11-16,"Klaipėdos vaikų ligoninės laboratorija",3,0,3,0,0,0,NA,NA,0,0
2020-11-16,"LSMU ligoninės Kauno klinikų laboratorija",677,0,650,0,27,0,NA,NA,365,0
2020-11-16,"Nacionalinė visuomenės sveikatos priežiūros laboratorija",147,139,146,138,1,1,NA,NA,45,0
2020-11-16,"Nacionalinio maisto ir veterinarijos rizikos vertinimo instituto laboratorija",1116,993,790,676,326,317,NA,NA,100,20
2020-11-16,"Nacionalinio vėžio instituto laboratorija",132,0,131,0,1,0,NA,NA,5,0
2020-11-16,"Respublikinės Panevėžio ligoninės laboratorija",145,0,131,0,14,0,NA,NA,0,0
2020-11-16,"Respublikinės Šiaulių ligoninės laboratorija",527,0,485,0,42,0,NA,NA,0,0
2020-11-16,"SYNLAB Lietuva UAB",277,29,241,17,36,12,NA,NA,0,0
2020-11-16,"Tauragės ligoninės laboratorija",4,0,0,0,4,0,NA,NA,0,0
2020-11-16,"UAB „Baltic Medics“",982,460,698,398,184,62,NA,NA,0,0
2020-11-16,"UAB „Diagnostikos laboratorija“ („Antėja“ Kaunas)",1055,461,931,383,124,76,NA,NA,70,425
2020-11-16,"UAB „Diagnostikos laboratorija“ („Antėja“ Klaipėda)",1082,586,975,482,107,90,NA,NA,460,293
2020-11-16,"UAB „Diagnostikos laboratorija“ („Antėja“ Vilnius)",832,633,610,437,222,196,NA,NA,366,142
2020-11-16,"UAB „InMedica“",288,112,217,77,71,35,NA,NA,0,0
2020-11-16,"UAB „Medicina practica laboratorija“",2152,117,1945,44,207,71,NA,NA,30,14
2020-11-16,"UAB „SK Impeks Medicinos diagnostikos centras“",188,0,179,0,9,0,NA,NA,0,0
2020-11-16,"VšĮ Respublikinės Vilniaus universitetinės ligoninės laboratorija",48,0,44,2,4,0,NA,NA,0,0
2020-11-16,"VU ligoninės Santaros klinikų laboratorija",1884,0,1776,0,108,0,NA,NA,142,0
2020-11-17,"Klaipėdos universitetinės ligoninės laboratorija",609,183,507,108,102,73,NA,NA,225,225
2020-11-17,"LSMU ligoninės Kauno klinikų laboratorija",426,0,403,0,23,0,NA,NA,690,0
2020-11-17,"Nacionalinė visuomenės sveikatos priežiūros laboratorija",337,31,303,19,34,12,NA,NA,45,0
2020-11-17,"Nacionalinio maisto ir veterinarijos rizikos vertinimo instituto laboratorija",1116,902,810,631,306,266,NA,NA,300,300
2020-11-17,"Nacionalinio vėžio instituto laboratorija",70,0,70,0,0,0,NA,NA,60,0
2020-11-17,"Regioninės Telšių ligoninės laboratorija",4,0,4,0,0,0,NA,NA,0,0
2020-11-17,"Respublikinės Klaipėdos ligoninės laboratorija",49,0,32,0,17,0,NA,NA,0,0
2020-11-17,"Respublikinės Panevėžio ligoninės laboratorija",296,0,276,0,20,0,NA,NA,0,0
2020-11-17,"Respublikinės Šiaulių ligoninės laboratorija",509,19,451,9,58,10,NA,NA,0,0
2020-11-17,"SYNLAB Lietuva UAB",278,0,245,0,34,0,NA,NA,0,0
2020-11-17,"Tauragės ligoninės laboratorija",6,0,2,0,4,0,NA,NA,0,0
2020-11-17,"UAB „Baltic Medics“",1030,541,872,440,158,81,NA,NA,0,0
2020-11-17,"UAB „Diagnostikos laboratorija“ („Antėja“ Kaunas)",836,343,683,248,153,103,NA,NA,750,400
2020-11-17,"UAB „Diagnostikos laboratorija“ („Antėja“ Klaipėda)",509,140,439,106,70,34,NA,NA,650,507
2020-11-17,"UAB „InMedica“",839,197,728,125,111,72,NA,NA,0,0
2020-11-17,"UAB „Medicina practica laboratorija“",2904,647,2477,480,427,167,NA,NA,30,10
2020-11-17,"UAB „SK Impeks Medicinos diagnostikos centras“",182,40,154,0,28,0,NA,NA,0,0
2020-11-17,"UAB Rezus.lt",541,354,345,170,196,184,NA,NA,1,0
2020-11-17,"VšĮ Respublikinės Vilniaus universitetinės ligoninės laboratorija",45,0,42,0,3,0,NA,NA,0,0
2020-11-17,"VU ligoninės Santaros klinikų laboratorija",1499,0,1425,0,74,0,NA,NA,30,0
2020-11-18,"Klaipėdos universitetinės ligoninės laboratorija",1034,541,783,323,251,218,NA,NA,68,68
2020-11-18,"LSMU ligoninės Kauno klinikų laboratorija",1239,0,1190,0,49,0,NA,NA,50,0
2020-11-18,"Nacionalinė visuomenės sveikatos priežiūros laboratorija",299,23,267,16,32,7,NA,NA,45,0
2020-11-18,"Nacionalinio maisto ir veterinarijos rizikos vertinimo instituto laboratorija",1116,969,840,698,276,269,NA,NA,40,40
2020-11-18,"Nacionalinio vėžio instituto laboratorija",168,0,163,0,5,0,NA,NA,31,0
2020-11-18,"Regioninės Telšių ligoninės laboratorija",5,0,5,0,0,0,NA,NA,0,0
2020-11-18,"Respublikinės Klaipėdos ligoninės laboratorija",37,0,27,0,10,0,NA,NA,0,0
2020-11-18,"Respublikinės Panevėžio ligoninės laboratorija",306,0,275,0,31,0,NA,NA,0,0
2020-11-18,"Respublikinės Šiaulių ligoninės laboratorija",932,31,866,20,66,11,NA,NA,0,0
2020-11-18,"SYNLAB Lietuva UAB",276,0,227,0,49,0,NA,NA,0,0
2020-11-18,"Tauragės ligoninės laboratorija",6,0,2,0,4,0,NA,NA,0,0
2020-11-18,"UAB „Baltic Medics“",985,432,842,363,143,69,NA,NA,0,0
2020-11-18,"UAB „Diagnostikos laboratorija“ („Antėja“ Kaunas)",1583,851,1237,581,346,256,NA,NA,450,50
2020-11-18,"UAB „Diagnostikos laboratorija“ („Antėja“ Klaipėda)",746,484,627,373,119,111,NA,NA,564,511
2020-11-18,"UAB „Diagnostikos laboratorija“ („Antėja“ Vilnius)",847,285,724,208,123,77,NA,NA,950,608
2020-11-18,"UAB „InMedica“",244,124,225,110,19,12,NA,NA,0,0
2020-11-18,"UAB „Medicina practica laboratorija“",1530,110,1337,61,193,49,NA,NA,300,100
2020-11-18,"UAB „SK Impeks Medicinos diagnostikos centras“",170,0,146,0,24,0,NA,NA,0,0
2020-11-18,"UAB Rezus.lt",230,100,201,84,29,16,NA,NA,5,0
2020-11-18,"VšĮ Respublikinės Vilniaus universitetinės ligoninės laboratorija",43,0,41,0,2,0,NA,NA,0,0
2020-11-18,"VU ligoninės Santaros klinikų laboratorija",1338,0,1219,0,119,0,NA,NA,11,0
2020-11-19,"Klaipėdos universitetinės ligoninės laboratorija",754,345,591,224,163,118,NA,NA,99,99
2020-11-19,"LSMU ligoninės Kauno klinikų laboratorija",1138,0,1082,0,56,0,NA,NA,40,0
2020-11-19,"Nacionalinė visuomenės sveikatos priežiūros laboratorija",334,112,298,87,36,24,NA,NA,45,0
2020-11-19,"Nacionalinio maisto ir veterinarijos rizikos vertinimo instituto laboratorija",1116,986,808,693,308,293,NA,NA,400,300
2020-11-19,"Nacionalinio vėžio instituto laboratorija",121,0,118,0,3,0,NA,NA,56,0
2020-11-19,"Regioninės Telšių ligoninės laboratorija",9,0,5,0,4,0,NA,NA,0,0
2020-11-19,"Respublikinės Klaipėdos ligoninės laboratorija",10,0,7,0,3,0,NA,NA,0,0
2020-11-19,"Respublikinės Panevėžio ligoninės laboratorija",283,0,265,0,18,0,NA,NA,0,0
2020-11-19,"Respublikinės Šiaulių ligoninės laboratorija",626,16,578,6,48,10,NA,NA,0,0
2020-11-19,"SYNLAB Lietuva UAB",173,0,149,0,24,0,NA,NA,0,0
2020-11-19,"Tauragės ligoninės laboratorija",7,0,2,0,5,0,NA,NA,0,0
2020-11-19,"UAB „Baltic Medics“",1300,490,1142,398,158,92,NA,NA,0,0
2020-11-19,"UAB „Diagnostikos laboratorija“ („Antėja“ Kaunas)",1785,778,1315,451,460,304,NA,NA,360,130
2020-11-19,"UAB „Diagnostikos laboratorija“ („Antėja“ Klaipėda)",1008,748,850,596,158,152,NA,NA,375,150
2020-11-19,"UAB „Diagnostikos laboratorija“ („Antėja“ Vilnius)",1374,662,1122,497,252,165,NA,NA,586,292
2020-11-19,"UAB „InMedica“",709,417,598,348,111,69,NA,NA,0,0
2020-11-19,"UAB „Medicina practica laboratorija“",2418,161,2105,72,313,89,NA,NA,202,80
2020-11-19,"UAB „SK Impeks Medicinos diagnostikos centras“",132,0,124,0,8,0,NA,NA,0,0
2020-11-19,"UAB Rezus.lt",304,239,199,147,105,16,NA,NA,84,82
2020-11-19,"VU ligoninės Santaros klinikų laboratorija",1547,0,1430,0,117,0,NA,NA,5,0
2020-11-20,"Klaipėdos universitetinės ligoninės laboratorija",1048,508,804,299,244,204,NA,NA,0,0
2020-11-20,"LSMU ligoninės Kauno klinikų laboratorija",665,0,624,0,41,0,NA,NA,7,0
2020-11-20,"Nacionalinė visuomenės sveikatos priežiūros laboratorija",150,6,139,5,11,1,NA,NA,50,0
2020-11-20,"Nacionalinio maisto ir veterinarijos rizikos vertinimo instituto laboratorija",1209,1006,914,738,295,263,NA,NA,600,500
2020-11-20,"Nacionalinio vėžio instituto laboratorija",179,0,175,0,4,0,NA,NA,42,0
2020-11-20,"Regioninės Telšių ligoninės laboratorija",7,0,4,0,3,0,NA,NA,0,0
2020-11-20,"Respublikinės Klaipėdos ligoninės laboratorija",7,0,5,0,2,0,NA,NA,0,0
2020-11-20,"Respublikinės Panevėžio ligoninės laboratorija",207,0,185,0,22,0,NA,NA,0,0
2020-11-20,"Respublikinės Šiaulių ligoninės laboratorija",691,22,635,16,56,6,NA,NA,0,0
2020-11-20,"SYNLAB Lietuva UAB",366,0,336,0,30,0,NA,NA,0,0
2020-11-20,"Tauragės ligoninės laboratorija",11,0,6,0,5,0,NA,NA,0,0
2020-11-20,"UAB „Diagnostikos laboratorija“ („Antėja“ Kaunas)",2472,1657,2083,1303,389,353,NA,NA,200,100
2020-11-20,"UAB „Diagnostikos laboratorija“ („Antėja“ Klaipėda)",835,354,759,301,76,53,NA,NA,319,264
2020-11-20,"UAB „Diagnostikos laboratorija“ („Antėja“ Vilnius)",1120,571,873,358,247,213,NA,NA,723,263
2020-11-20,"UAB „InMedica“",512,144,421,84,91,59,NA,NA,0,0
2020-11-20,"UAB „Medicina practica laboratorija“",2418,161,2105,72,313,89,NA,NA,202,80
2020-11-20,"UAB „SK Impeks Medicinos diagnostikos centras“",193,0,164,0,29,0,NA,NA,0,0
2020-11-20,"UAB Rezus.lt",360,299,233,172,127,120,NA,NA,20,20
2020-11-20,"VšĮ Respublikinės Vilniaus universitetinės ligoninės laboratorija",36,0,34,0,2,0,NA,NA,0,0
2020-11-20,"VU Gyvybės mokslų centras",137,0,122,0,15,0,NA,NA,165,136
2020-11-20,"VU ligoninės Santaros klinikų laboratorija",1510,29,1394,14,116,15,NA,NA,159,0
2020-11-21,"Klaipėdos universitetinės ligoninės laboratorija",470,283,299,151,171,126,NA,NA,4,4
2020-11-21,"LSMU ligoninės Kauno klinikų laboratorija",435,0,417,0,18,0,NA,NA,0,0
2020-11-21,"Nacionalinio maisto ir veterinarijos rizikos vertinimo instituto laboratorija",1114,1012,787,711,327,294,NA,NA,500,500
2020-11-21,"Regioninės Telšių ligoninės laboratorija",3,0,2,0,1,0,NA,NA,0,0
2020-11-21,"Respublikinės Klaipėdos ligoninės laboratorija",23,0,14,8,9,0,NA,NA,0,0
2020-11-21,"Respublikinės Panevėžio ligoninės laboratorija",92,0,85,0,7,0,NA,NA,0,0
2020-11-21,"Respublikinės Šiaulių ligoninės laboratorija",489,96,414,52,75,44,NA,NA,0,0
2020-11-21,"SYNLAB Lietuva UAB",132,0,117,0,15,0,NA,NA,0,0
2020-11-21,"Tauragės ligoninės laboratorija",6,0,3,0,3,0,NA,NA,0,0
2020-11-21,"UAB „Baltic Medics“",910,367,743,298,167,92,NA,NA,0,0
2020-11-21,"UAB „Diagnostikos laboratorija“ („Antėja“ Kaunas)",896,728,653,508,243,220,NA,NA,55,55
2020-11-21,"UAB „Diagnostikos laboratorija“ („Antėja“ Klaipėda)",469,340,355,238,114,102,NA,NA,0,0
2020-11-21,"UAB „Diagnostikos laboratorija“ („Antėja“ Vilnius)",897,238,820,177,77,61,NA,NA,668,357
2020-11-21,"UAB „Medicina practica laboratorija“",902,473,627,324,275,149,NA,NA,0,0
2020-11-21,"UAB Rezus.lt",234,134,179,95,55,39,NA,NA,0,0
2020-11-21,"VU ligoninės Santaros klinikų laboratorija",578,1,530,0,48,1,NA,NA,2,0
